Date	Time	rps	odo	speed_obd	gps_lat	gps_lon	gps_speed	gps_alt	hv_v	hv_a	soc	ice_temp	ice_rpm	ice_pwr	brk_reg_trq	brk_mcyl_trq	trip_nbs	trip_ev_nbs	trip_mov_nbs	trip_dist	trip_ev_dist	hsi	mg2_rpm	ign	ltft	stft	tripfuel	fuelflowh	dcl	ccl	bsfc	ice_load	inverter_temp	battery_temp	mg_temp	inhaling_temp	ambient_temp	room_temp	mg2_torque	mg1_rpm	mg1_torque	mgr_rpm	mgr_torque	glideindex	accelerator
2019/04/06	16:34:42.851	25	13434	0	44.993779	-93.310067	0	252	224	0	66.6667	61	0	0	0	0	1	1	0	0	0	0	0	5	-1	0	0	0	21	-25	0	0	34	43	39	19	-500	-500	0	0	0	0	0	0	0
2019/04/06	16:34:43.826	25	13434	0	44.993779	-93.310067	0	252	224	0	66.6667	61	0	0	0	0	2	2	0	0	0	0	0	5	-1	0	0	0	21	-25	0	0	34	43	39	19	-500	-500	0	0	0	0	0	0	0
2019/04/06	16:34:44.262	7	13434	0	44.993779	-93.310067	0	252	224	0	66.6667	61	0	0	0	0	3	3	0	0	0	0	0	5	-1	0	0	0	21	-25	0	0	35	43	39	19	-500	-500	0	0	0	0	0	0	0
2019/04/06	16:34:45.864	17	13434	0	44.993779	-93.310067	0	252	224	0	66.6667	61	0	0	0	0	4	4	0	0	0	0	0	5	-1	0	0	0	21	-25	0	0	34	43	39	19	-500	-500	0	0	0	0	0	0	0
2019/04/06	16:34:46.866	41	13434	0	44.993779	-93.310067	0	252	224	0	66.6667	61	0	0	0	0	5	5	0	0	0	0	0	5	-1	0	0	0	21	-25	0	0	35	43	39	19	-500	-500	0	0	0	0	0	0	0
2019/04/06	16:34:47.792	25	13434	0	44.993779	-93.310067	0	252	224	0	66.6667	61	0	0	0	0	6	6	0	0	0	0	0	5	-1	0	0	0	21	-25	0	0	35	43	39	19	-500	-500	0	0	0	0	0	0	0
2019/04/06	16:34:48.668	18	13434	0	44.993779	-93.310067	0	252	224	0	66.6667	61	0	0	0	0	7	7	0	0	0	0	0	5	-1	0	0	0	21	-25	0	0	35	43	39	19	-500	-500	0	0	0	0	0	0	0
2019/04/06	16:34:49.764	14	13434	0	44.993779	-93.310067	0	252	224	0	66.6667	61	0	0	0	0	8	8	0	0	0	0	0	5	-1	0	0	0	21	-25	0	0	35	43	39	19	-500	-500	0	0	0	0	0	0	0
2019/04/06	16:34:50.810	23	13434	0	44.993779	-93.310067	0	252	224	0	66.6667	61	0	0	0	0	9	9	0	0	0	0	0	5	-1	0	0	0	21	-25	0	0	34	43	39	19	-500	-500	0	0	0	0	0	0	0
2019/04/06	16:34:51.880	28	13434	0	44.993779	-93.310067	0	252	224	0	66.6667	61	0	0	0	0	10	10	0	0	0	0	0	5	-1	0	0	0	21	-25	0	0	34	43	39	19	-500	-500	0	0	0	0	0	0	0
2019/04/06	16:34:52.849	10	13434	0	44.993779	-93.310067	0	252	224	0	66.6667	61	0	0	0	0	11	11	0	0	0	0	0	5	-1	0	0	0	21	-25	0	0	34	43	39	19	-500	-500	0	0	0	0	0	0	0
2019/04/06	16:34:53.740	17	13434	0	44.993779	-93.310067	0	252	224	0	66.6667	61	0	0	0	0	12	12	0	0	0	0	0	5	-1	0	0	0	21	-25	0	0	34	43	39	19	-500	-500	0	0	0	0	0	0	0
2019/04/06	16:34:54.839	26	13434	0	44.993779	-93.310067	0	252	224	0	66.6667	61	0	0	0	0	13	13	0	0	0	0	0	5	-1	0	0	0	21	-25	0	0	35	43	39	19	-500	-500	0	0	0	0	0	0	0
2019/04/06	16:34:55.858	25	13434	0	44.993779	-93.310067	0	252	224	0	66.6667	61	0	0	0	0	14	14	0	0	0	0	0	5	-1	0	0	0	21	-25	0	0	34	43	39	19	-500	-500	0	0	0	0	0	0	0
2019/04/06	16:34:56.046	4	13434	0	44.993779	-93.310067	0	252	224	0	66.6667	61	0	0	0	0	15	15	0	0	0	0	0	5	-1	0	0	0	21	-25	0	0	34	43	39	19	-500	-500	0	0	0	0	0	0	0
2019/04/06	16:34:57.715	18	13434	0	44.993779	-93.310067	0	252	224	0	66.6667	61	0	0	0	0	16	16	0	0	0	0	0	5	-1	0	0	0	21	-25	0	0	34	43	39	19	-500	-500	0	0	0	0	0	0	0
2019/04/06	16:34:58.906	24	13434	0	44.993779	-93.310067	0	252	224	0	66.6667	61	0	0	0	0	17	17	0	0	0	0	0	5	-1	0	0	0	21	-25	0	0	34	43	39	19	-500	-500	0	0	0	0	0	0	0
2019/04/06	16:34:59.834	29	13434	0	44.993779	-93.310067	0	252	224	0	66.6667	61	0	0	0	0	18	18	0	0	0	0	0	5	-1	0	0	0	21	-25	0	0	34	43	39	19	-500	-500	0	0	0	0	0	0	0
2019/04/06	16:35:00.668	23	13434	0	44.993779	-93.310067	0	252	224	0	66.6667	61	0	0	0	0	19	19	0	0	0	0	0	5	-1	0	0	0	21	-25	0	0	34	43	39	19	-500	-500	0	0	0	0	0	0	0
2019/04/06	16:35:01.870	8	13434	0	44.993779	-93.310067	0	252	224	0	66.6667	61	0	0	0	0	20	20	0	0	0	0	0	5	-1	0	0	0	21	-25	0	0	34	43	39	19	-500	-500	0	0	0	0	0	0	0
2019/04/06	16:35:02.822	25	13434	0	44.993779	-93.310067	0	252	224	0	66.6667	61	0	0	0	0	21	21	0	0	0	0	0	5	-1	0	0	0	21	-25	0	0	34	43	39	19	-500	-500	0	0	0	0	0	0	0
2019/04/06	16:35:03.864	27	13434	0	44.993779	-93.310067	0	252	224	0	66.6667	61	0	0	0	0	22	22	0	0	0	0	0	5	-1	0	0	0	21	-25	0	0	35	43	39	19	-500	-500	0	0	0	0	0	0	0
2019/04/06	16:35:04.393	12	13434	0	44.993779	-93.310067	0	252	224	0	66.6667	61	0	0	0	0	23	23	0	0	0	0	0	5	-1	0	0	0	21	-25	0	0	35	43	39	19	-500	-500	0	0	0	0	0	0	0
2019/04/06	16:35:05.876	15	13434	0	44.993779	-93.310067	0	252	224	0	66.6667	61	0	0	0	0	24	24	0	0	0	0	0	5	-1	0	0	0	21	-25	0	0	35	43	39	19	-500	-500	0	0	0	0	0	0	0
2019/04/06	16:35:06.865	24	13434	0	44.993779	-93.310067	0	252	224	0	66.6667	61	0	0	0	0	25	25	0	0	0	0	0	5	-1	0	0	0	21	-25	0	0	34	43	39	19	-500	-500	0	0	0	0	0	0	0
2019/04/06	16:35:07.897	31	13434	0	44.993779	-93.310067	0	252	224	0	66.6667	61	0	0	0	0	26	26	0	0	0	0	0	5	-1	0	0	0	21	-25	0	0	35	43	39	19	-500	-500	0	0	0	0	0	0	0
2019/04/06	16:35:08.561	23	13434	0	44.993779	-93.310067	0	252	224	0	66.6667	61	0	0	0	0	27	27	0	0	0	0	0	5	-1	0	0	0	21	-25	0	0	35	43	39	19	-500	-500	0	0	0	0	0	0	0
2019/04/06	16:35:09.857	11	13434	0	44.993779	-93.310067	0	252	224	0	65.8824	61	0	0	0	0	28	28	0	0	0	0	0	5	-1	0	0	0	21	-25	0	0	35	43	39	19	-500	-500	0	0	0	0	0	0	0
2019/04/06	16:35:10.804	20	13434	0	44.993779	-93.310067	0	252	222	0	65.8824	61	0	0	0	0	29	29	0	0	0	0	0	5	-1	0	0	0	21	-25	0	0	34	43	39	19	-500	-500	0	0	0	0	0	0	0
2019/04/06	16:35:11.870	32	13434	0	44.993779	-93.310067	0	252	224	0	65.8824	61	0	0	0	0	30	30	0	0	0	0	0	5	-1	0	0	0	21	-25	0	0	34	43	39	19	-500	-500	0	0	0	0	0	0	0
2019/04/06	16:35:12.909	23	13434	0	44.993779	-93.310067	0	252	224	0	65.8824	61	0	0	0	0	31	31	0	0	0	0	0	5	-1	0	0	0	21	-25	0	0	34	43	39	19	-500	-500	0	0	0	0	0	0	0
2019/04/06	16:35:13.937	13	13434	0	44.993779	-93.310067	0	252	224	0	65.8824	61	0	0	0	0	32	32	0	0	0	0	0	5	-1	0	0	0	21	-25	0	0	35	43	39	19	-500	-500	0	0	0	0	0	0	0
2019/04/06	16:35:14.953	38	13434	0	44.993779	-93.310067	0	252	224	0	65.8824	61	0	0	0	0	33	33	0	0	0	0	0	5	-1	0	0	0	21	-25	0	0	35	43	39	19	-500	-500	0	0	0	0	0	0	0
2019/04/06	16:35:15.826	28	13434	0	44.993779	-93.310067	0	252	224	0	65.8824	61	0	0	0	0	34	34	0	0	0	0	0	5	-1	0	0	0	21	-25	0	0	35	43	39	19	-500	-500	0	0	0	0	0	0	0
2019/04/06	16:35:16.842	24	13434	0	44.993779	-93.310067	0	252	224	0	65.8824	61	0	0	0	0	35	35	0	0	0	0	0	5	-1	0	0	0	21	-25	0	0	35	43	39	19	-500	-500	0	0	0	0	0	0	0
2019/04/06	16:35:17.648	3	13434	0	44.993779	-93.310067	0	252	224	0	65.8824	61	0	0	0	0	36	36	0	0	0	0	0	5	-1	0	0	0	21	-25	0	0	34	43	39	19	-500	-500	0	0	0	0	0	0	0
2019/04/06	16:35:18.959	31	13434	0	44.993779	-93.310067	0	252	224	0	65.8824	61	0	0	0	0	37	37	0	0	0	0	0	5	-1	0	0	0	21	-25	0	0	35	43	39	19	-500	-500	0	0	0	0	0	0	0
2019/04/06	16:35:19.888	25	13434	0	44.993779	-93.310067	0	252	222	0	65.8824	61	0	0	0	0	38	38	0	0	0	0	0	5	-1	0	0	0	21	-25	0	0	34	43	39	19	-500	-500	0	0	0	0	0	0	0
2019/04/06	16:35:20.929	32	13434	0	44.993779	-93.310067	0	252	222	0	65.8824	61	0	0	0	0	39	39	0	0	0	0	0	5	-1	0	0	0	21	-25	0	0	35	43	39	19	-500	-500	0	0	0	0	0	0	0
2019/04/06	16:35:21.226	6	13434	0	44.993779	-93.310067	0	252	224	0	65.8824	61	0	0	0	0	40	40	0	0	0	0	0	5	-1	0	0	0	21	-25	0	0	34	43	39	19	-500	-500	0	0	0	0	0	0	0
2019/04/06	16:35:22.993	24	13434	0	44.993779	-93.310067	0	252	224	0	65.8824	61	0	0	0	0	41	41	0	0	0	0	0	5	-1	0	0	0	21	-25	0	0	34	43	39	19	-500	-500	0	0	0	0	0	0	0
2019/04/06	16:35:23.891	30	13434	0	44.993779	-93.310067	0	252	222	0	65.8824	60	0	0	0	0	42	42	0	0	0	0	0	5	-1	0	0	0	21	-25	0	0	34	43	39	19	-500	-500	0	0	0	0	0	0	0
2019/04/06	16:35:24.817	26	13434	0	44.993779	-93.310067	0	252	222	0	65.8824	60	0	0	0	0	43	43	0	0	0	0	0	5	-1	0	0	0	21	-25	0	0	35	43	39	19	-500	-500	0	0	0	0	0	0	0
2019/04/06	16:35:25.545	2	13434	0	44.993779	-93.310067	0	252	224	0	65.8824	60	0	0	0	0	44	44	0	0	0	0	0	5	-1	0	0	0	21	-25	0	0	34	43	39	19	-500	-500	0	0	0	0	0	0	0
2019/04/06	16:35:26.925	23	13434	0	44.993779	-93.310067	0	252	222	0	65.8824	60	0	0	0	0	45	45	0	0	0	0	0	5	-1	0	0	0	21	-25	0	0	34	43	39	19	-500	-500	0	0	0	0	0	0	0
2019/04/06	16:35:27.960	27	13434	0	44.993779	-93.310067	0	252	224	0	65.8824	60	0	0	0	0	46	46	0	0	0	0	0	5	-1	0	0	0	21	-25	0	0	34	43	39	19	-500	-500	0	0	0	0	0	0	0
2019/04/06	16:35:28.763	20	13434	0	44.993779	-93.310067	0	252	224	0	65.8824	60	0	0	0	0	47	47	0	0	0	0	0	5	-1	0	0	0	21	-25	0	0	35	43	39	19	-500	-500	0	0	0	0	0	0	0
2019/04/06	16:35:29.496	2	13434	0	44.993779	-93.310067	0	252	224	0	65.8824	60	0	0	0	0	48	48	0	0	0	0	0	5	-1	0	0	0	21	-25	0	0	35	43	39	19	-500	-500	0	0	0	0	0	0	0
2019/04/06	16:35:30.866	28	13434	0	44.993779	-93.310067	0	252	224	0	65.8824	60	0	0	0	0	49	49	0	0	0	0	0	5	-1	0	0	0	21	-25	0	0	35	43	39	19	-500	-500	0	0	0	0	0	0	0
2019/04/06	16:35:31.916	27	13434	0	44.993779	-93.310067	0	252	222	0	65.8824	60	0	0	0	0	50	50	0	0	0	0	0	5	-1	0	0	0	21	-25	0	0	34	43	39	19	-500	-500	0	0	0	0	0	0	0
2019/04/06	16:35:32.783	10	13434	0	44.993779	-93.310067	0	252	224	0	65.8824	60	0	0	0	0	51	51	0	0	0	0	0	5	-1	0	0	0	21	-25	0	0	35	43	39	19	-500	-500	0	0	0	0	0	0	0
2019/04/06	16:35:33.228	4	13434	0	44.993779	-93.310067	0	252	224	0	65.8824	60	0	0	0	0	52	52	0	0	0	0	0	5	-1	0	0	0	21	-25	0	0	35	43	39	19	-500	-500	0	0	0	0	0	0	0
2019/04/06	16:35:34.813	6	13434	0	44.993779	-93.310067	0	252	222	0	65.8824	60	0	0	0	0	53	53	0	0	0	0	0	5	-1	0	0	0	21	-25	0	0	34	43	39	19	-500	-500	0	0	0	0	0	0	0
2019/04/06	16:35:35.929	18	13434	0	44.993779	-93.310067	0	252	222	0	65.8824	60	0	0	0	0	54	54	0	0	0	0	0	5	-1	0	0	0	21	-25	0	0	35	43	39	19	-500	-500	0	0	0	0	0	0	0
2019/04/06	16:35:37.032	24	13434	0	44.993779	-93.310067	0	252	224	0	65.8824	60	0	0	0	0	55	55	0	0	0	0	0	5	-1	0	0	0	21	-25	0	0	35	43	39	19	-500	-500	0	0	0	0	0	0	0
2019/04/06	16:35:38.035	25	13434	0	44.993779	-93.310067	0	252	222	0	65.8824	60	0	0	0	0	56	56	0	0	0	0	0	5	-1	0	0	0	21	-25	0	0	34	43	39	19	-500	-500	0	0	0	0	0	0	0
2019/04/06	16:35:38.951	21	13434	0	44.993779	-93.310067	0	252	222	0	65.8824	60	0	0	0	0	57	57	0	0	0	0	0	5	-1	0	0	0	21	-25	0	0	35	43	39	19	-500	-500	0	0	0	0	0	0	0
2019/04/06	16:35:40.022	4	13434	0	44.993779	-93.310067	0	252	224	0	65.8824	60	0	0	0	0	58	58	0	0	0	0	0	5	-1	0	0	0	21	-25	0	0	35	43	39	19	-500	-500	0	0	0	0	0	0	0
2019/04/06	16:35:40.952	26	13434	0	44.993779	-93.310067	0	252	222	0	65.8824	60	0	0	0	0	59	59	0	0	0	0	0	5	-1	0	0	0	21	-25	0	0	35	43	39	19	-500	-500	0	0	0	0	0	0	0
2019/04/06	16:35:41.918	24	13434	0	44.993779	-93.310067	0	252	222	0	65.8824	60	0	0	0	0	60	60	0	0	0	0	0	5	-1	0	0	0	21	-25	0	0	35	43	39	19	-500	-500	0	0	0	0	0	0	0
2019/04/06	16:35:42.741	19	13434	0	44.993779	-93.310067	0	252	222	0	65.8824	60	0	0	0	0	61	61	0	0	0	0	0	5	-1	0	0	0	21	-25	0	0	35	43	39	19	-500	-500	0	0	0	0	0	0	0
2019/04/06	16:35:43.977	7	13434	0	44.993779	-93.310067	0	252	222	0	65.8824	60	0	0	0	0	62	62	0	0	0	0	0	5	-1	0	0	0	21	-25	0	0	35	43	39	19	-500	-500	0	0	0	0	0	0	0
2019/04/06	16:35:45.049	27	13434	0	44.993779	-93.310067	0	252	222	0	65.8824	60	0	0	0	0	63	63	0	0	0	0	0	5	-1	0	0	0	21	-25	0	0	35	43	39	19	-500	-500	0	0	0	0	0	0	0
2019/04/06	16:35:46.019	21	13434	0	44.993779	-93.310067	0	252	224	0	65.8824	60	0	0	0	0	64	64	0	0	0	0	0	5	-1	0	0	0	21	-25	0	0	35	43	39	19	-500	-500	0	0	0	0	0	0	0
2019/04/06	16:35:46.949	25	13434	0	44.993779	-93.310067	0	252	222	0	65.8824	60	0	0	0	0	65	65	0	0	0	0	0	5	-1	0	0	0	21	-25	0	0	34	43	39	19	-500	-500	0	0	0	0	0	0	0
2019/04/06	16:35:47.205	5	13434	0	44.993779	-93.310067	0	252	224	0	65.8824	60	0	0	0	0	66	66	0	0	0	0	0	5	-1	0	0	0	21	-25	0	0	35	43	39	19	-500	-500	0	0	0	0	0	0	0
2019/04/06	16:35:48.901	20	13434	0	44.993779	-93.310067	0	252	222	0	65.8824	60	0	0	0	0	67	67	0	0	0	0	0	5	-1	0	0	0	21	-25	0	0	35	43	39	19	-500	-500	0	0	0	0	0	0	0
2019/04/06	16:35:50.059	28	13434	0	44.993779	-93.310067	0	252	222	0	65.8824	60	0	0	0	0	68	68	0	0	0	0	0	5	-1	0	0	0	21	-25	0	0	35	43	39	19	-500	-500	0	0	0	0	0	0	0
2019/04/06	16:35:50.979	37	13434	0	44.993779	-93.310067	0	252	224	0	65.8824	60	0	0	0	0	69	69	0	0	0	0	0	5	-1	0	0	0	21	-25	0	0	35	43	39	19	-500	-500	0	0	0	0	0	0	0
2019/04/06	16:35:51.819	10	13434	0	44.993779	-93.310067	0	252	222	0	65.8824	60	0	0	0	0	70	70	0	0	0	0	0	5	-1	0	0	0	21	-25	0	0	35	43	39	19	-500	-500	0	0	0	0	0	0	0
2019/04/06	16:35:52.776	17	13434	0	44.993779	-93.310067	0	252	224	0	65.8824	60	0	0	0	0	71	71	0	0	0	0	0	5	-1	0	0	0	21	-25	0	0	35	43	39	19	-500	-500	0	0	0	0	0	0	0
2019/04/06	16:35:53.871	19	13434	0	44.993779	-93.310067	0	252	222	0	65.8824	60	0	0	0	0	72	72	0	0	0	0	0	5	-1	0	0	0	21	-25	0	0	35	43	39	19	-500	-500	0	0	0	0	0	0	0
2019/04/06	16:35:55.057	24	13434	0	44.993779	-93.310067	0	252	222	0	65.8824	60	0	0	0	0	73	73	0	0	0	0	0	5	-1	0	0	0	21	-25	0	0	35	43	38	19	-500	-500	0	0	0	0	0	0	0
2019/04/06	16:35:55.179	3	13434	0	44.993779	-93.310067	0	252	224	0	65.8824	60	0	0	0	0	74	74	0	0	0	0	0	5	-1	0	0	0	21	-25	0	0	35	43	39	19	-500	-500	0	0	0	0	0	0	0
2019/04/06	16:35:57.088	24	13434	0	44.993779	-93.310067	0	252	224	0	65.4902	60	0	0	0	0	75	75	0	0	0	0	0	5	-1	0	0	0	21	-25	0	0	35	43	38	19	-500	-500	0	0	0	0	0	0	0
2019/04/06	16:35:57.994	25	13434	0	44.993779	-93.310067	0	252	224	0	65.4902	60	0	0	0	0	76	76	0	0	0	0	0	5	-1	0	0	0	21	-25	0	0	35	43	38	19	-500	-500	0	0	0	0	0	0	0
2019/04/06	16:35:59.107	30	13434	0	44.993779	-93.310067	0	252	224	0	65.4902	60	0	0	0	0	77	77	0	0	0	0	0	5	-1	0	0	0	21	-25	0	0	35	43	39	19	-500	-500	0	0	0	0	0	0	0
2019/04/06	16:35:59.414	4	13434	0	44.993779	-93.310067	0	252	222	0	65.4902	60	0	0	0	0	78	78	0	0	0	0	0	5	-1	0	0	0	21	-25	0	0	35	43	38	19	-500	-500	0	0	0	0	0	0	0
2019/04/06	16:36:01.045	24	13434	0	44.993779	-93.310067	0	252	222	0	65.4902	60	0	0	0	0	79	79	0	0	0	0	0	5	-1	0	0	0	21	-25	0	0	35	43	39	19	-500	-500	0	0	0	0	0	0	0
2019/04/06	16:36:01.975	23	13434	0	44.993779	-93.310067	0	252	224	0	65.4902	60	0	0	0	0	80	80	0	0	0	0	0	5	-1	0	0	0	21	-25	0	0	35	43	38	19	-500	-500	0	0	0	0	0	0	0
2019/04/06	16:36:03.073	31	13434	0	44.993779	-93.310067	0	252	222	0	65.4902	60	0	0	0	0	81	81	0	0	0	0	0	5	-1	0	0	0	21	-25	0	0	35	43	38	19	-500	-500	0	0	0	0	0	0	0
2019/04/06	16:36:03.859	12	13434	0	44.993779	-93.310067	0	252	222	0	65.4902	60	0	0	0	0	82	82	0	0	0	0	0	5	-1	0	0	0	21	-25	0	0	35	43	38	19	-500	-500	0	0	0	0	0	0	0
2019/04/06	16:36:05.075	21	13434	0	44.993779	-93.310067	0	252	222	0	65.4902	60	0	0	0	0	83	83	0	0	0	0	0	5	-1	0	0	0	21	-25	0	0	35	43	38	19	-500	-500	0	0	0	0	0	0	0
2019/04/06	16:36:06.022	28	13434	0	44.993779	-93.310067	0	252	222	0	65.4902	60	0	0	0	0	84	84	0	0	0	0	0	5	-1	0	0	0	21	-25	0	0	35	43	38	19	-500	-500	0	0	0	0	0	0	0
2019/04/06	16:36:07.065	31	13434	0	44.993779	-93.310067	0	252	222	0	65.4902	60	0	0	0	0	85	85	0	0	0	0	0	5	-1	0	0	0	21	-19.5	0	0	35	43	38	19	-500	-500	0	0	0	0	0	0	0
2019/04/06	16:36:07.821	7	13434	0	44.993779	-93.310067	0	252	222	0	65.4902	60	0	0	0	0	86	86	0	0	0	0	0	5	-1	0	0	0	21	-19.5	0	0	35	43	38	19	-500	-500	0	0	0	0	0	0	0
2019/04/06	16:36:09.118	25	13434	0	44.993779	-93.310067	0	252	222	0	65.4902	60	0	0	0	0	87	87	0	0	0	0	0	5	-1	0	0	0	21	-19.5	0	0	35	43	38	19	-500	-500	0	0	0	0	0	0	0
2019/04/06	16:36:10.049	25	13434	0	44.993779	-93.310067	0	252	222	0	65.4902	60	0	0	0	0	88	88	0	0	0	0	0	5	-1	0	0	0	21	-19.5	0	0	35	43	38	19	-500	-500	0	0	0	0	0	0	0
2019/04/06	16:36:11.053	27	13434	0	44.993779	-93.310067	0	252	222	0	65.4902	60	0	0	0	0	89	89	0	0	0	0	0	5	-1	0	0	0	21	-19.5	0	0	35	43	38	19	-500	-500	0	0	0	0	0	0	0
2019/04/06	16:36:11.834	16	13434	0	44.993779	-93.310067	0	252	222	0	65.4902	60	0	0	0	0	90	90	0	0	0	0	0	5	-1	0	0	0	21	-19.5	0	0	35	43	38	19	-500	-500	0	0	0	0	0	0	0
2019/04/06	16:36:13.090	14	13434	0	44.993779	-93.310067	0	252	222	0	65.4902	60	0	0	0	0	91	91	0	0	0	0	0	5	-1	0	0	0	21	-19.5	0	0	35	43	38	19	-500	-500	0	0	0	0	0	0	0
2019/04/06	16:36:14.004	24	13434	0	44.993779	-93.310067	0	252	222	0	65.4902	60	0	0	0	0	92	92	0	0	0	0	0	5	-1	0	0	0	21	-19.5	0	0	35	43	38	19	-500	-500	0	0	0	0	0	0	0
2019/04/06	16:36:15.045	23	13434	0	44.993779	-93.310067	0	252	222	0	65.4902	60	0	0	0	0	93	93	0	0	0	0	0	5	-1	0	0	0	21	-19.5	0	0	35	43	38	19	-500	-500	0	0	0	0	0	0	0
2019/04/06	16:36:15.533	10	13434	0	44.993779	-93.310067	0	252	222	0	65.4902	60	0	0	0	0	94	94	0	0	0	0	0	5	-1	0	0	0	21	-19.5	0	0	35	43	38	19	-500	-500	0	0	0	0	0	0	0
2019/04/06	16:36:17.043	15	13434	0	44.993779	-93.310067	0	252	222	0	65.4902	60	0	0	0	0	95	95	0	0	0	0	0	5	-1	0	0	0	21	-19.5	0	0	35	43	38	19	-500	-500	0	0	0	0	0	0	0
2019/04/06	16:36:18.132	28	13434	0	44.993779	-93.310067	0	252	222	0	65.4902	60	0	0	0	0	96	96	0	0	0	0	0	5	-1	0	0	0	21	-19.5	0	0	35	43	38	19	-500	-500	0	0	0	0	0	0	0
2019/04/06	16:36:19.074	26	13434	0	44.993779	-93.310067	0	252	222	0	65.4902	60	0	0	0	0	97	97	0	0	0	0	0	5	-1	0	0	0	21	-19.5	0	0	35	43	38	19	-500	-500	0	0	0	0	0	0	0
2019/04/06	16:36:19.655	18	13434	0	44.993779	-93.310067	0	252	222	0	65.4902	60	0	0	0	0	98	98	0	0	0	0	0	5	-1	0	0	0	21	-19.5	0	0	35	43	38	19	-500	-500	0	0	0	0	0	0	0
2019/04/06	16:36:21.133	11	13434	0	44.993779	-93.310067	0	252	222	0	65.4902	60	0	0	0	0	99	99	0	0	0	0	0	5	-1	0	0	0	21	-19.5	0	0	35	43	38	19	-500	-500	0	0	0	0	0	0	0
2019/04/06	16:36:22.020	17	13434	0	44.993779	-93.310067	0	252	222	0	65.4902	60	0	0	0	0	100	100	0	0	0	0	0	5	-1	0	0	0	21	-19.5	0	0	35	43	38	19	-500	-500	0	0	0	0	0	0	0
2019/04/06	16:36:23.181	27	13434	0	44.993779	-93.310067	0	252	222	0	65.4902	60	0	0	0	0	101	101	0	0	0	0	0	5	-1	0	0	0	21	-19.5	0	0	35	43	38	19	-500	-500	0	0	0	0	0	0	0
2019/04/06	16:36:23.589	9	13434	0	44.993779	-93.310067	0	252	222	0	65.4902	60	0	0	0	0	102	102	0	0	0	0	0	5	-1	0	0	0	21	-19.5	0	0	35	43	38	19	-500	-500	0	0	0	0	0	0	0
2019/04/06	16:36:25.086	17	13434	0	44.993779	-93.310067	0	252	222	0	65.4902	60	0	0	0	0	103	103	0	0	0	0	0	5	-1	0	0	0	21	-19.5	0	0	35	43	38	19	-500	-500	0	0	0	0	0	0	0
2019/04/06	16:36:26.191	42	13434	0	44.993779	-93.310067	0	252	222	0	65.4902	60	0	0	0	0	104	104	0	0	0	0	0	5	-1	0	0	0	21	-19.5	0	0	35	43	38	19	-500	-500	0	0	0	0	0	0	0
2019/04/06	16:36:27.095	33	13434	0	44.993779	-93.310067	0	252	222	0	65.4902	60	0	0	0	0	105	105	0	0	0	0	0	5	-1	0	0	0	21	-19.5	0	0	35	43	38	19	-500	-500	0	0	0	0	0	0	0
2019/04/06	16:36:27.771	18	13434	0	44.993779	-93.310067	0	252	222	0	65.4902	59	0	0	0	0	106	106	0	0	0	0	0	5	-1	0	0	0	21	-19.5	0	0	35	43	38	19	-500	-500	0	0	0	0	0	0	0
2019/04/06	16:36:28.558	2	13434	0	44.993779	-93.310067	0	252	222	0	65.4902	59	0	0	0	0	107	107	0	0	0	0	0	5	-1	0	0	0	21	-19.5	0	0	35	43	38	19	-500	-500	0	0	0	0	0	0	0
2019/04/06	16:36:30.108	37	13434	0	44.993779	-93.310067	0	252	222	0	65.4902	59	0	0	0	0	108	108	0	0	0	0	0	5	-1	0	0	0	21	-19.5	0	0	35	43	38	19	-500	-500	0	0	0	0	0	0	0
2019/04/06	16:36:31.075	24	13434	0	44.993779	-93.310067	0	252	222	0	65.4902	59	0	0	0	0	109	109	0	0	0	0	0	5	-1	0	0	0	21	-19.5	0	0	35	43	38	19	-500	-500	0	0	0	0	0	0	0
2019/04/06	16:36:31.952	9	13434	0	44.993779	-93.310067	0	252	222	0	65.4902	59	0	0	0	0	110	110	0	0	0	0	0	5	-1	0	0	0	21	-19.5	0	0	35	43	38	19	-500	-500	0	0	0	0	0	0	0
2019/04/06	16:36:33.311	11	13434	0	44.993779	-93.310067	0	252	222	0	65.4902	59	0	0	0	0	111	111	0	0	0	0	0	5	-1	0	0	0	21	-19.5	0	0	35	43	38	19	-500	-500	0	0	0	0	0	0	0
2019/04/06	16:36:34.166	25	13434	0	44.993779	-93.310067	0	252	222	0	65.4902	59	0	0	0	0	112	112	0	0	0	0	0	5	-1	0	0	0	21	-19.5	0	0	35	43	38	19	-500	-500	0	0	0	0	0	0	0
2019/04/06	16:36:35.171	21	13434	0	44.993779	-93.310067	0	252	222	0	65.4902	59	0	0	0	0	113	113	0	0	0	0	0	5	-1	0	0	0	21	-19.5	0	0	35	43	38	19	-500	-500	0	0	0	0	0	0	0
2019/04/06	16:36:36.294	29	13434	0	44.993779	-93.310067	0	252	222	0	65.4902	59	0	0	0	0	114	114	0	0	0	0	0	5	-1	0	0	0	21	-19.5	0	0	35	43	38	19	-500	-500	0	0	0	0	0	0	0
2019/04/06	16:36:38.220	20	13434	0	44.993779	-93.310067	0	252	222	0	65.4902	59	0	0	0	0	116	116	0	0	0	0	0	5	-1	0	0	0	21	-19.5	0	0	35	43	38	19	-500	-500	0	0	0	0	0	0	0
2019/04/06	16:36:39.260	23	13434	0	44.993779	-93.310067	0	252	222	0	65.4902	59	0	0	0	0	117	117	0	0	0	0	0	5	-1	0	0	0	21	-19.5	0	0	35	43	38	19	-500	-500	0	0	0	0	0	0	0
2019/04/06	16:36:40.137	24	13434	0	44.993779	-93.310067	0	252	222	0	65.4902	59	0	0	0	0	118	118	0	0	0	0	0	5	-1	0	0	0	21	-19.5	0	0	35	43	38	19	-500	-500	0	0	0	0	0	0	0
2019/04/06	16:36:41.324	8	13434	0	44.993779	-93.310067	0	252	224	0	65.4902	59	0	0	0	0	119	119	0	0	0	0	0	5	-1	0	0	0	21	-19.5	0	0	35	43	38	19	-500	-500	0	0	0	0	0	0	0
2019/04/06	16:36:42.332	29	13434	0	44.993779	-93.310067	0	252	222	0	65.4902	59	0	0	0	0	120	120	0	0	0	0	0	5	-1	0	0	0	21	-19.5	0	0	35	43	38	19	-500	-500	0	0	0	0	0	0	0
2019/04/06	16:36:43.242	25	13434	0	44.993779	-93.310067	0	252	222	0	65.4902	59	0	0	0	0	121	121	0	0	0	0	0	5	-1	0	0	0	21	-19.5	0	0	35	43	38	19	-500	-500	0	0	0	0	0	0	0
2019/04/06	16:36:44.306	29	13434	0	44.993779	-93.310067	0	252	222	0	65.098	59	0	0	0	0	122	122	0	0	0	0	0	5	-1	0	0	0	21	-19.5	0	0	35	43	38	19	-500	-500	0	0	0	0	0	0	0
2019/04/06	16:36:44.499	4	13434	0	44.993779	-93.310067	0	252	224	0	65.098	59	0	0	0	0	123	123	0	0	0	0	0	5	-1	0	0	0	21	-19.5	0	0	35	43	38	19	-500	-500	0	0	0	0	0	0	0
2019/04/06	16:36:46.312	23	13434	0	44.993779	-93.310067	0	252	222	0	65.098	59	0	0	0	0	124	124	0	0	0	0	0	5	-1	0	0	0	21	-19.5	0	0	35	43	38	19	-500	-500	0	0	0	0	0	0	0
2019/04/06	16:36:47.196	22	13434	0	44.993779	-93.310067	0	252	222	0	65.098	59	0	0	0	0	125	125	0	0	0	0	0	5	-1	0	0	0	21	-19.5	0	0	35	43	38	19	-500	-500	0	0	0	0	0	0	0
2019/04/06	16:36:48.205	22	13434	0	44.993779	-93.310067	0	252	222	0	65.098	59	0	0	0	0	126	126	0	0	0	0	0	5	-1	0	0	0	21	-19.5	0	0	35	43	38	19	-500	-500	0	0	0	0	0	0	0
2019/04/06	16:36:48.955	3	13434	0	44.993779	-93.310067	0	252	222	0	65.098	59	0	0	0	-60	127	127	0	0	0	0	0	5	-1	0	0	0	21	-19.5	0	0	35	43	38	19	-500	-500	0	0	0	0	0	0	0
2019/04/06	16:36:50.223	26	13434	0	44.993779	-93.310067	0	252	222	0	65.098	59	0	0	0	-276	128	128	0	0	0	0	0	5	-1	0	0	0	21	-19.5	0	0	35	43	38	19	-500	-500	0	0	0	0	0	0	0
2019/04/06	16:36:51.113	17	13434	0	44.993779	-93.310067	0	252	222	0	65.098	59	0	0	0	-172	129	129	0	0	0	0	0	5	-1	0	0	0	21	-19.5	0	0	35	43	38	19	-500	-500	0	0	0	0	0	0	0
2019/04/06	16:36:52.726	16	13434	0	44.993779	-93.310067	0	252	222	0	65.098	59	0	0	0	-176	130	130	0	0	0	0	0	5	-1	0	0	0	21	-19.5	0	0	35	43	38	19	-500	-500	0	0	0	0	0	0	0
2019/04/06	16:36:54.642	28	13434	0	44.993779	-93.310067	0	252	222	0	65.098	59	0	0	0	-192	132	132	0	0	0	0	0	5	-1	0	0	0	21	-19.5	0	0	35	43	38	19	-500	-500	0	0	0	0	0	0	0
2019/04/06	16:36:55.611	23	13434	0	44.993779	-93.310067	0	252	222	0	65.098	59	0	0	0	-192	133	133	0	0	0	0	0	5	-1	0	0	0	21	-19.5	0	0	35	43	38	19	-500	-500	0	0	0	0	0	0	0
2019/04/06	16:36:56.365	17	13434	0	44.993779	-93.310067	0	252	222	0	65.098	59	0	0	0	-192	134	134	0	0	0	0	0	5	-1	0	0	0	21	-20	0	0	35	42	38	19	-500	-500	0	0	0	0	0	0	0
2019/04/06	16:36:57.652	7	13434	0	44.993779	-93.310067	0	252	222	0	65.098	59	0	0	0	-188	135	135	0	0	0	0	0	5	-1	0	0	0	21	-20	0	0	35	42	38	19	-500	-500	0	0	0	0	0	0	0
2019/04/06	16:36:58.721	24	13434	0	44.993779	-93.310067	0	252	222	0	65.098	59	0	0	0	-192	136	136	0	0	0	0	0	5	-1	0	0	0	21	-20	0	0	35	42	38	19	-500	-500	0	0	0	0	0	0	0
2019/04/06	16:36:59.632	21	13434	0	44.993779	-93.310067	0	252	222	0	65.098	59	0	0	0	-192	137	137	0	0	0	0	0	5	-1	0	0	0	21	-20	0	0	35	42	38	19	-500	-500	0	0	0	0	0	0	0
2019/04/06	16:37:00.647	25	13434	0	44.993779	-93.310067	0	252	222	0	65.098	59	0	0	0	-192	138	138	0	0	0	0	0	5	-1	0	0	0	21	-20	0	0	35	42	38	19	-500	-500	0	0	0	0	0	0	0
2019/04/06	16:37:01.612	4	13434	0	44.993779	-93.310067	0	252	222	0	65.098	59	0	0	0	-192	139	139	0	0	0	0	0	5	-1	0	0	0	21	-20	0	0	35	42	38	19	-500	-500	0	0	0	0	0	0	0
2019/04/06	16:37:02.745	31	13434	0	44.993779	-93.310067	0	252	222	0	65.098	59	0	0	0	-192	140	140	0	0	0	0	0	5	-1	0	0	0	21	-20	0	0	35	42	38	19	-500	-500	0	0	0	0	0	0	0
2019/04/06	16:37:03.741	26	13434	0	44.993779	-93.310067	0	252	222	0	65.098	59	0	0	0	-192	141	141	0	0	0	0	0	5	-1	0	0	0	21	-20	0	0	35	42	38	19	-500	-500	0	0	0	0	0	0	0
2019/04/06	16:37:04.638	21	13434	0	44.993779	-93.310067	0	252	222	0	65.098	59	0	0	0	-192	142	142	0	0	0	0	0	5	-1	0	0	0	21	-20	0	0	35	42	38	19	-500	-500	0	0	0	0	0	0	0
2019/04/06	16:37:05.655	4	13434	0	44.993779	-93.310067	0	252	222	0	65.098	59	0	0	0	-192	143	143	0	0	0	0	0	5	-1	0	0	0	21	-20	0	0	36	42	38	19	-500	-500	0	0	0	0	0	0	0
2019/04/06	16:37:06.633	22	13434	0	44.993779	-93.310067	0	252	222	0	65.098	59	0	0	0	-188	144	144	0	0	0	0	0	5	-1	0	0	0	21	-20	0	0	35	42	38	19	-500	-500	0	0	0	0	0	0	0
2019/04/06	16:37:07.635	25	13434	0	44.993779	-93.310067	0	252	222	0	65.098	59	0	0	0	-200	145	145	0	0	0	0	0	5	-1	0	0	0	21	-20	0	0	35	42	38	19	-500	-500	0	0	0	0	0	0	0
2019/04/06	16:37:08.687	25	13434	0	44.993779	-93.310067	0	252	222	0	65.098	59	0	0	0	-272	146	146	0	0	0	0	0	5	-1	0	0	0	21	-20	0	0	35	42	38	19	-500	-500	0	0	0	0	0	0	0
2019/04/06	16:37:09.396	4	13434	0	44.993779	-93.310067	0	252	222	0	65.098	59	0	0	0	-292	147	147	0	0	0	0	0	5	-1	0	0	0	21	-20	0	0	35	42	38	19	-500	-500	0	0	0	0	0	0	0
2019/04/06	16:37:10.591	25	13434	0	44.993779	-93.310067	0	252	222	0	65.098	58	0	0	0	-260	148	148	0	0	0	0	0	5	-1	0	0	0	21	-20	0	0	35	42	38	19	-500	-500	0	0	0	0	0	0	0
2019/04/06	16:37:11.659	26	13434	0	44.993779	-93.310067	0	252	222	0	65.098	58	0	0	0	-260	149	149	0	0	0	0	0	5	-1	0	0	0	21	-20	0	0	35	42	38	19	-500	-500	0	0	0	0	0	0	0
2019/04/06	16:37:12.706	28	13434	0	44.993779	-93.310067	0	252	222	0	65.098	58	0	0	0	-256	150	150	0	0	0	0	0	5	-1	0	0	0	21	-20	0	0	35	42	38	19	-500	-500	0	0	0	0	0	0	0
2019/04/06	16:37:13.773	4	13434	0	44.993779	-93.310067	0	252	222	0	65.098	58	0	0	0	-268	151	151	0	0	0	0	0	5	-1	0	0	0	21	-20	0	0	35	42	38	19	-500	-500	0	0	0	0	0	0	0
2019/04/06	16:37:14.698	22	13434	0	44.993779	-93.310067	0	252	222	0	65.098	58	0	0	0	-264	152	152	0	0	0	0	0	5	-1	0	0	0	21	-20	0	0	35	42	38	19	-500	-500	0	0	0	0	0	0	0
2019/04/06	16:37:15.662	25	13434	0	44.993779	-93.310067	0	252	222	0	65.098	58	0	0	0	-268	153	153	0	0	0	0	0	5	-1	0	0	0	21	-20	0	0	35	42	38	19	-500	-500	0	0	0	0	0	0	0
2019/04/06	16:37:16.662	19	13434	0	44.993779	-93.310067	0	252	222	2	65.098	58	0	0	0	0	154	154	0	0	0	0	8	5	-1	0	0	0	21	-20	0	0	36	42	38	19	-500	-500	46.125	-25	0	0	0	0	0
2019/04/06	16:37:17.349	15	13434	1	44.993779	-93.310067	0	252	222	2	65.098	58	0	0	0	0	155	155	0	7.37901e-05	7.37901e-05	0	34	5	-1	0	0	0	21	-20	0	0	36	42	38	19	-500	-500	48.625	-92	0	0	0	0	0
2019/04/06	16:37:18.657	8	13434	1	44.993779	-93.310067	0	252	222	2	65.098	58	0	0	0	0	156	156	0	0.000394866	0.000394866	0	88	5	-1	0	0	0	21	-20	0	0	35	42	38	19	-500	-500	37.625	-235	0	0	0	0	0
2019/04/06	16:37:19.637	23	13434	4	44.993779	-93.310067	0	252	220	2	65.098	58	0	0	0	0	157	157	1	0.00113822	0.00113822	0	146	5	-1	0	0	0	21	-20	0	0	35	42	38	19	-500	-500	25.25	-384	0	0	0	0	0
2019/04/06	16:37:20.667	22	13434	5	44.993779	-93.310067	0	252	218	16	65.098	58	0	0	0	0	158	158	2	0.00244365	0.00244365	0	226	5	-1	0	0	0	21	-20	0	0	37	42	38	19	-500	-500	108.25	-584	0	0	0	0	22
2019/04/06	16:37:21.420	11	13434	7	44.993779	-93.310067	0	252	214	30	64.7059	58	0	0	0	0	159	159	3	0.00377915	0.00377915	0	284	5	-1	0	0	0	21	-20	0	0	39	42	38	19	-500	-500	164.875	-748	0	0	0	0	36
2019/04/06	16:37:22.738	17	13434	12	44.993779	-93.310067	0	252	208	48	64.7059	58	0	0	0	0	160	160	4	0.00705953	0.00705953	0	476	5	-1	0	0	0	21	-20	0	0	41	42	38	19	-500	-500	161.25	-1227	0	0	0	0	38
2019/04/06	16:37:23.765	25	13434	15	44.993779	-93.310067	0	252	206	52	64.7059	58	0	0	0	0	161	161	5	0.0110054	0.0110054	0	573	5	-1	0	0	0	21	-20	0	0	41	42	38	19	-500	-500	144.875	-1491	0	0	0	0	36
2019/04/06	16:37:24.698	25	13434	17	44.993701	-93.310182	15	244	206	50	63.9216	58	0	0	0	0	162	162	6	0.0152674	0.0152674	0	654	5	-1	0	0	0	21	-20	0	0	41	42	38	19	-500	-500	126.625	-1709	0	0	0	0	35
2019/04/06	16:37:24.975	6	13434	18	44.993701	-93.310182	15	244	208	34	63.9216	58	0	0	0	0	163	163	7	0.0166474	0.0166474	0	669	5	-1	0	0	0	21	-20	0	0	42	42	38	19	-500	-500	82.625	-1754	0	0	0	0	24
2019/04/06	16:37:26.672	19	13434	19	44.993611	-93.310187	19	242	216	2	63.9216	58	0	0	0	0	164	164	8	0.025421	0.025421	0	660	5	-1	0	0	0	21	-20	0	0	36	42	38	19	-500	-500	1.75	-1714	0	0	0	78.4	5
2019/04/06	16:37:27.741	23	13434	17	44.993611	-93.310187	19	242	220	-4	63.9216	58	0	0	8	-16	165	165	9	0.0307901	0.0307901	0	616	5	-1	0	0	0	21	-20	0	0	36	42	38	19	-500	-500	-22.5	-1603	0	0	0	0	0
2019/04/06	16:37:28.718	24	13434	16	44.993611	-93.310187	19	242	224	-18	63.9216	58	0	0	76	-80	166	166	10	0.0353254	0.0353254	0	543	5	-1	0	0	0	21	-20	0	0	37	42	38	19	-500	-500	-85.5	-1408	0	0	0	0	0
2019/04/06	16:37:29.513	20	13434	13	44.993482	-93.310193	16	242	224	-18	63.9216	58	0	0	112	-116	167	167	11	0.0385031	0.0385031	0	434	5	-1	0	0	0	21	-20	0	0	39	42	39	19	-500	-500	-115.75	-1127	0	0	0	0	0
2019/04/06	16:37:30.783	12	13434	10	44.993482	-93.310193	16	242	220	2	63.9216	58	0	0	0	0	168	168	12	0.0426665	0.0426665	0	273	5	-1	0	0	0	21	-20	0	0	36	42	39	19	-500	-500	7.75	-725	0	0	0	0	0
2019/04/06	16:37:31.819	25	13434	8	44.993482	-93.310193	16	242	212	32	63.9216	58	0	0	0	0	169	169	13	0.0448351	0.0448351	0	330	5	-1	0	0	0	21	-20	0	0	39	42	39	19	-500	-500	152.375	-863	0	0	0	0	33
2019/04/06	16:37:32.856	26	13434	13	44.993482	-93.310193	16	242	202	66	63.5294	58	1080	0.673872	0	0	170	169	14	0.0478777	0.0460858	0	525	2	-1	0	2.94782	10.3984	21	-20	666	73	44	42	39	19	-500	-500	195.625	3524	-1.375	0	0	0	44
2019/04/06	16:37:33.765	22	13434	16	44.993386	-93.310183	8	239	214	12	63.5294	58	1690	13.3229	0	0	171	169	15	0.0516127	0.0460858	0	643	19	-1	0	12.265	36.9049	21	-20	666	89	44	42	39	19	-500	-500	143.875	4711	-19.625	0	0	0	46
2019/04/06	16:37:34.538	4	13434	17	44.993386	-93.310183	8	239	216	10	63.5294	58	1750	14.1215	0	0	172	169	16	0.0553381	0.0460858	0	726	19	-1	0	20.7957	37.7358	21	-20	666	90	44	42	39	19	-500	-500	131.875	4693	-19.375	0	0	0	45
2019/04/06	16:37:35.840	24	13434	25	44.993386	-93.310183	8	239	216	10	63.5294	58	1610	10.3419	0	0	173	169	17	0.0631224	0.0460858	0	926	13	0	1	34.9871	37.9965	21	-20	666	97	42	42	39	19	-500	-500	74.5	2927	-17.25	0	0	0	39
2019/04/06	16:37:36.886	21	13434	28	44.993338	-93.309964	23	238	218	-4	63.5294	58	1560	14.0222	0	0	174	169	18	0.0708151	0.0460858	0	1037	15	0	1	45.0049	34.4346	21	-20	666	95	42	42	39	19	-500	-500	44.25	2892	-23.375	0	0	0	37
2019/04/06	16:37:37.512	13	13434	29	44.993338	-93.309964	23	238	216	10	63.5294	58	1530	12.4419	0	0	175	169	19	0.0758026	0.0460858	0	1092	14	0	1	50.8683	34.0811	21	-20	666	95	42	42	39	19	-500	-500	54.625	2752	-19.625	0	0	0	38
2019/04/06	16:37:38.715	5	13434	31	44.993333	-93.309746	30	238	220	-10	63.5294	58	1580	13.6141	0	0	176	169	20	0.0858909	0.0460858	0	1195	15	0	1	62.6769	34.4213	21	-20	666	94	41	42	39	19	-500	-500	25	2564	-25.25	0	0	0	34
2019/04/06	16:37:39.790	23	13434	34	44.993333	-93.309746	30	238	218	0	63.5294	56	1290	8.96422	0	0	177	169	21	0.0957342	0.0460858	0	1231	13	0	0	71.5879	28.7957	21	-20	666	92	41	42	39	19	-500	-500	16	1473	-18.5	0	0	0	30
2019/04/06	16:37:40.850	27	13434	35	44.993339	-93.309505	34	237	218	0	63.5294	56	1290	9.41954	0	0	178	169	22	0.105968	0.0460858	0	1279	14	0	0	80.0304	28.6277	21	-20	666	94	41	42	39	19	-500	-500	13.25	1296	-19.25	0	0	0	29
2019/04/06	16:37:41.531	17	13434	36	44.99334	-93.309375	35	236	218	0	63.5294	56	1300	9.39336	0	0	179	169	23	0.112715	0.0460858	0	1299	14	0	0	85.4426	28.5349	21	-20	666	92	41	42	39	19	-500	-500	12.375	1304	-19.25	0	0	0	29
2019/04/06	16:37:42.826	8	13434	36	44.993336	-93.309236	36	235	220	-6	63.5294	57	1300	8.31066	0	0	180	169	24	0.125627	0.0460858	0	1292	13	0	-1	95.8089	28.7205	21	-20	666	89	40	42	39	19	-500	-500	2.125	1296	-16.375	0	0	0	23
2019/04/06	16:37:43.885	24	13434	36	44.993336	-93.309236	36	235	222	-18	63.5294	57	1300	1.26669	0	0	181	169	25	0.136187	0.0460858	0	1271	11	0	-1	104.16	28.4421	21	-20	666	46	38	42	40	19	-500	-500	-28.625	1563	-1.25	0	0	0	0
2019/04/06	16:37:44.904	25	13434	34	44.993331	-93.308992	36	235	224	-18	63.5294	57	1420	0	20	-48	182	169	26	0.146037	0.0460858	0	1186	12	0	-1	112.989	31.3721	21	-20	0	33	36	42	40	19	-500	-500	-49.25	1979	0	0	0	0	0
2019/04/06	16:37:45.619	18	13434	32	44.993322	-93.308866	35	234	232	-48	63.5294	57	1360	0	84	-88	183	169	27	0.152501	0.0460858	0	1084	12	0	-1	118.987	30.3954	21	-20	0	35	38	42	40	19	-500	-500	-110.5	2022	0	0	0	0	0
2019/04/06	16:37:46.922	10	13434	29	44.993322	-93.308866	35	234	230	-30	63.9216	58	1350	0	68	-72	184	169	28	0.163333	0.0460858	0	881	12	-1	-4	129.761	29.927	21	-20	0	35	37	42	40	19	-500	-500	-91.375	2558	0	0	0	0	0
2019/04/06	16:37:47.813	20	13434	22	44.993314	-93.308658	27	234	228	-26	63.9216	58	1360	0	72	-80	185	169	29	0.169376	0.0460858	0	749	12	-1	-4	137.174	29.9535	21	-20	0	34	37	42	40	19	-500	-500	-90.75	2930	0	0	0	0	0
2019/04/06	16:37:48.832	23	13434	17	44.993314	-93.308658	27	234	230	-26	63.9216	58	1340	0	132	-136	186	169	30	0.174874	0.0460858	0	551	12	-1	-4	145.597	29.7193	21	-20	0	35	39	42	40	19	-500	-500	-141.25	3394	0	0	0	0	0
2019/04/06	16:37:49.576	14	13434	13	44.99331	-93.308501	18	234	226	-16	63.9216	58	1340	0	104	-144	187	169	31	0.177946	0.0460858	0	405	12	-1	-4	151.726	29.6574	21	-20	0	35	38	42	40	19	-500	-500	-102.25	3790	0	0	0	0	0
2019/04/06	16:37:50.838	8	13434	10	44.99331	-93.308501	18	234	222	4	63.9216	58	1350	0	0	-100	188	169	32	0.181913	0.0460858	0	150	12	-1	-4	162.17	29.7767	21	-20	0	34	35	42	40	19	-500	-500	0.125	4510	0	0	0	0	0
2019/04/06	16:37:51.819	24	13434	2	44.99331	-93.308501	18	234	222	-6	63.9216	59	1390	2.32227	0	-56	189	169	32	0.183046	0.0460858	0	22	11	-1	-1	170.468	30.5147	21	-20	666	34	35	42	40	19	-500	-500	0.5	4895	-10.5	0	0	0	0
2019/04/06	16:37:52.853	23	13434	0	44.99331	-93.308501	18	234	222	0	63.9216	59	130	0.0119381	0	-264	190	170	32	0.183221	0.0461695	0	-1	0	-1	-1	172.964	3.41164	21	-20	0	70	35	42	40	19	-500	-500	-0.25	-66	-0.125	0	0	0	0
2019/04/06	16:37:53.885	22	13434	0	44.99331	-93.308501	18	234	222	0	63.9216	59	0	0	0	-296	191	171	32	0.183221	0.0461695	0	0	5	-1	-1	172.964	0	21	-20	0	0	34	42	40	19	-500	-500	0	0	0	0	0	0	0
2019/04/06	16:37:54.054	3	13434	0	44.99331	-93.308501	18	234	222	0	63.9216	59	0	0	0	-296	192	172	32	0.183221	0.0461695	0	0	5	-1	-1	172.964	0	21	-20	0	0	34	42	40	19	-500	-500	0	0	0	0	0	0	0
2019/04/06	16:37:55.954	23	13434	0	44.99331	-93.308501	18	234	222	0	63.9216	59	0	0	0	-296	193	173	32	0.183221	0.0461695	0	0	5	-1	0	172.964	0	21	-20	0	0	34	42	40	19	-500	-500	0	0	0	0	0	0	0
2019/04/06	16:37:56.875	25	13434	0	44.99331	-93.308501	18	234	220	0	63.9216	59	0	0	0	-308	194	174	32	0.183221	0.0461695	0	0	5	-1	0	172.964	0	21	-20	0	0	34	42	40	19	-500	-500	0	1	0	0	0	0	0
2019/04/06	16:37:58.000	28	13434	0	44.99331	-93.308501	18	234	220	0	63.9216	59	0	0	0	-312	195	175	32	0.183221	0.0461695	0	0	5	-1	0	172.964	0	21	-20	0	0	34	42	40	19	-500	-500	0	0	0	0	0	0	0
2019/04/06	16:37:58.592	9	13434	0	44.99331	-93.308501	18	234	220	0	63.9216	59	0	0	0	0	196	176	32	0.183221	0.0461695	0	31	5	-1	0	172.964	0	21	-20	0	0	34	42	40	19	-500	-500	21.25	-63	0	0	0	0	0
2019/04/06	16:37:59.971	17	13434	1	44.99331	-93.308501	18	234	220	2	63.9216	59	0	0	0	0	197	177	32	0.183412	0.0463609	0	50	5	-1	0	172.964	0	21	-20	0	0	35	42	40	19	-500	-500	75.375	-140	0	0	0	0	7
2019/04/06	16:38:00.886	25	13434	2	44.99331	-93.308501	18	234	220	2	63.9216	59	0	0	0	0	198	178	32	0.183805	0.0467536	0	69	5	-1	0	172.964	0	21	-20	0	0	35	42	40	19	-500	-500	40.875	-181	0	0	0	0	0
2019/04/06	16:38:02.011	27	13434	2	44.99331	-93.308501	18	234	220	2	63.9216	59	0	0	0	-48	199	179	32	0.184372	0.0473205	0	55	5	-1	0	172.964	0	21	-20	0	0	35	42	41	19	-500	-500	42.25	-145	0	0	0	0	0
2019/04/06	16:38:02.599	8	13434	2	44.99331	-93.308501	18	234	220	2	63.9216	59	0	0	0	-60	200	180	32	0.184633	0.0475815	0	47	5	-1	0	172.964	0	21	-20	0	0	35	42	40	19	-500	-500	44.75	-121	0	0	0	0	0
2019/04/06	16:38:03.925	17	13434	0	44.99331	-93.308501	18	234	220	2	63.9216	59	0	0	0	-84	201	181	32	0.184987	0.0479357	0	0	5	-1	0	172.964	0	21	-20	0	0	34	42	41	19	-500	-500	55	0	0	0	0	0	0
2019/04/06	16:38:04.894	24	13434	0	44.99331	-93.308501	18	234	220	2	63.9216	59	0	0	0	-108	202	182	32	0.184987	0.0479357	0	0	5	-1	0	172.964	0	21	-20	0	0	35	42	41	19	-500	-500	55	0	0	0	0	0	0
2019/04/06	16:38:06.008	26	13434	0	44.99331	-93.308501	18	234	220	2	63.9216	59	0	0	0	-108	203	183	32	0.184987	0.0479357	0	-1	5	-1	0	172.964	0	21	-20	0	0	35	42	41	19	-500	-500	55	0	0	0	0	0	0
2019/04/06	16:38:06.602	8	13434	0	44.99331	-93.308501	18	234	220	2	63.9216	59	0	0	0	-108	204	184	32	0.184987	0.0479357	0	0	5	-1	0	172.964	0	21	-20	0	0	35	42	41	19	-500	-500	55	0	0	0	0	0	0
2019/04/06	16:38:07.958	18	13434	0	44.99331	-93.308501	18	234	220	2	63.9216	59	0	0	0	-112	205	185	32	0.184987	0.0479357	0	0	5	-1	0	172.964	0	21	-20	0	0	35	42	41	19	-500	-500	55	0	0	0	0	0	0
2019/04/06	16:38:09.071	27	13434	0	44.99331	-93.308501	18	234	220	2	63.9216	59	0	0	0	0	206	186	32	0.184987	0.0479357	0	0	5	-1	0	172.964	0	21	-20	0	0	35	42	41	19	-500	-500	55	0	0	0	0	0	0
2019/04/06	16:38:10.038	26	13434	0	44.99331	-93.308501	18	234	220	4	63.9216	59	0	0	0	0	207	187	32	0.185018	0.0479667	0	24	5	-1	0	172.964	0	21	-20.5	0	0	36	42	41	19	-500	-500	69.5	-59	0	0	0	0	5
2019/04/06	16:38:10.733	12	13434	1	44.99331	-93.308501	18	234	218	10	63.9216	59	0	0	0	0	208	188	32	0.185175	0.0481239	0	67	5	-1	0	172.964	0	21	-20.5	0	0	36	42	41	19	-500	-500	173.25	-168	0	0	0	0	39
2019/04/06	16:38:12.027	17	13434	6	44.993304	-93.308359	5	235	208	50	63.5294	60	0	0	0	0	209	189	33	0.186322	0.0492713	0	308	5	-1	0	172.964	0	21	-20.5	0	0	42	42	41	19	-500	-500	220.75	-811	0	0	0	0	43
2019/04/06	16:38:12.994	24	13434	12	44.993304	-93.308359	5	235	200	72	63.5294	60	1130	0.539097	0	0	210	189	34	0.189005	0.0503877	0	511	0	-1	0	176.483	14.937	21	-20.5	666	73	46	42	41	19	-500	-500	212.25	3536	-1.375	0	0	0	46
2019/04/06	16:38:13.939	24	13434	17	44.993304	-93.308359	5	235	214	12	63.1373	60	1780	13.5914	0	0	211	189	35	0.192975	0.0503877	0	669	19	0	-3	186.571	39.2427	21	-20.5	666	87	45	42	41	19	-500	-500	140.75	4850	-20	0	0	0	46
2019/04/06	16:38:14.803	14	13434	20	44.993304	-93.308359	5	235	214	4	63.1373	60	1920	15.4898	0	0	212	189	36	0.197594	0.0503877	0	769	18	0	-3	196.637	41.6379	21	-20.5	666	90	45	42	41	19	-500	-500	122.375	4959	-21.625	0	0	0	46
2019/04/06	16:38:16.003	14	13434	24	44.993304	-93.308359	5	235	218	0	63.1373	60	1670	12.7725	0	0	213	189	37	0.20505	0.0503877	0	925	14	0	-3	210.09	39.1632	21	-20.5	666	95	42	42	41	19	-500	-500	64.75	3312	-21.625	0	0	0	39
2019/04/06	16:38:16.952	21	13434	28	44.993181	-93.308249	24	236	218	2	63.1373	60	1580	13.0877	0	0	214	189	38	0.211797	0.0503877	0	1031	15	0	-2	219.128	35.0886	21	-20.5	666	94	41	42	41	19	-500	-500	50.375	3010	-22	0	0	0	38
2019/04/06	16:38:17.967	22	13434	30	44.993181	-93.308249	24	236	218	4	63.1373	60	1570	12.6999	0	0	215	189	39	0.220034	0.0503877	0	1125	15	0	-2	228.912	34.6644	21	-20.5	666	94	42	42	41	19	-500	-500	47.625	2777	-21.375	0	0	0	38
2019/04/06	16:38:18.753	18	13434	33	44.993096	-93.308104	30	237	218	0	63.1373	60	1630	13.1272	0	0	216	189	40	0.226938	0.0503877	0	1201	15	0	-2	236.699	35.725	21	-20.5	666	94	42	42	41	19	-500	-500	39.875	2731	-22	0	0	0	37
2019/04/06	16:38:19.964	8	13434	34	44.993096	-93.308104	30	237	220	-4	63.1373	60	1580	12.7517	0	0	217	189	41	0.238216	0.0503877	0	1301	13	0	-2	248.536	35.314	21	-20.5	666	95	41	42	41	19	-500	-500	11.625	1893	-25.25	0	0	0	32
2019/04/06	16:38:21.084	27	13434	37	44.993073	-93.307729	37	237	222	-12	63.1373	60	1260	0.532395	0	0	218	189	42	0.249515	0.0503877	0	1299	11	0	-2	257.573	28.0886	21	-20.5	666	57	39	42	42	19	-500	-500	-28.875	1239	-1.875	0	0	0	0
2019/04/06	16:38:22.038	25	13434	36	44.993073	-93.307729	37	237	228	-44	63.1373	60	1400	0	60	-64	219	189	43	0.259236	0.0503877	0	1278	12	0	-2	265.68	30.8108	21	-20.5	0	34	37	42	42	19	-500	-500	-88.25	1735	0	0	0	0	0
2019/04/06	16:38:22.852	19	13434	34	44.993073	-93.307729	37	237	232	-38	63.5294	60	1390	0	56	-56	220	189	44	0.267127	0.0503877	0	1181	12	0	-2	272.644	30.8239	21	-20.5	0	34	39	42	42	19	-500	-500	-84.25	1956	0	0	0	0	0
2019/04/06	16:38:24.125	9	13434	32	44.993073	-93.307483	35	235	234	-56	63.5294	61	1390	0	124	-128	221	189	45	0.278725	0.0503877	0	1015	12	-1	0	283.525	30.7002	21	-20.5	0	34	41	42	42	19	-500	-500	-148.625	2351	0	0	0	0	0
2019/04/06	16:38:25.115	25	13434	24	44.99306	-93.307272	27	233	236	-54	63.9216	61	1360	0	160	-168	222	189	46	0.286127	0.0503877	0	790	12	-1	0	291.84	30.1524	21	-20.5	0	34	44	42	42	19	-500	-500	-181.5	2819	0	0	0	0	0
2019/04/06	16:38:26.069	25	13434	18	44.99306	-93.307272	27	233	234	-42	63.9216	61	1350	0	184	-204	223	189	47	0.291531	0.0503877	0	561	11	-1	0	299.746	29.8209	21	-20.5	0	34	45	42	42	19	-500	-500	-196.75	3377	0	0	0	0	0
2019/04/06	16:38:26.988	17	13434	14	44.99306	-93.307272	27	233	230	-14	63.9216	61	1340	0	108	-156	224	189	48	0.29527	0.0503877	0	413	11	-1	0	307.304	29.6176	21	-20.5	0	34	42	42	42	19	-500	-500	-110.625	3761	0	0	0	0	0
2019/04/06	16:38:28.114	14	13434	13	44.993044	-93.307146	14	232	220	14	63.9216	61	1890	16.8311	0	0	225	189	49	0.299374	0.0503877	0	554	21	-1	-1	318.306	36.8431	21	-20.5	666	87	47	42	42	19	-500	-500	221.75	6266	-19.75	0	0	0	55
2019/04/06	16:38:28.995	22	13434	19	44.993044	-93.307146	14	232	218	14	63.9216	61	2290	19.9389	0	0	226	189	50	0.303498	0.0503877	0	783	20	-1	-1	330.466	49.7251	21	-20.5	666	88	48	42	42	19	-500	-500	179	6199	-23.125	0	0	0	55
2019/04/06	16:38:30.043	22	13434	26	44.993059	-93.306941	25	231	214	32	63.9216	61	2310	19.0073	0	0	227	189	51	0.310339	0.0503877	0	1013	20	-1	-1	345.25	50.8167	21	-20.5	666	89	47	42	42	19	-500	-500	154.75	5764	-21.75	0	0	0	54
2019/04/06	16:38:31.116	24	13434	32	44.993059	-93.306941	25	231	214	26	63.5294	62	2340	19.138	0	0	228	189	52	0.319223	0.0503877	0	1207	20	0	0	360.733	52.0187	21	-20.5	666	89	46	42	43	19	-500	-500	118.5	5299	-22	0	0	0	52
2019/04/06	16:38:32.073	4	13434	34	44.993069	-93.306705	35	233	222	-18	63.5294	62	2360	20.7646	0	0	229	189	53	0.328139	0.0503877	0	1378	21	0	0	374.765	52.0585	21	-20.5	666	88	44	42	43	19	-500	-500	48.375	4822	-30.375	0	0	0	44
2019/04/06	16:38:33.104	24	13434	40	44.993074	-93.306564	40	232	222	-6	63.5294	62	1890	16.1179	0	0	230	189	54	0.339048	0.0503877	0	1475	14	0	0	387.685	44.2497	21	-20.5	666	95	44	42	43	19	-500	-500	24.875	2078	-23.125	0	0	0	36
2019/04/06	16:38:34.112	25	13434	42	44.993067	-93.30642	41	232	224	-14	63.5294	63	1260	6.28319	0	0	231	189	55	0.350628	0.0503877	0	1519	13	0	-3	396.539	30.5722	21	-20.5	666	88	41	42	43	19	-500	-500	-24.375	545	-11.875	0	0	0	0
2019/04/06	16:38:34.775	18	13434	42	44.993067	-93.30642	41	232	226	-24	63.5294	63	1310	0.285675	16	-44	232	189	56	0.358355	0.0503877	0	1485	11	0	-3	401.774	28.367	21	-20.5	0	42	38	42	43	19	-500	-500	-50.625	1041	-0.5	0	0	0	0
2019/04/06	16:38:36.088	6	13434	40	44.993068	-93.306133	39	232	236	-50	63.9216	63	1370	0	84	-88	233	189	57	0.373281	0.0503877	0	1313	12	0	-3	412.884	29.5514	21	-20.5	0	33	40	42	43	19	-500	-500	-111.5	1485	0	0	0	0	0
2019/04/06	16:38:37.070	21	13434	34	44.993068	-93.306133	39	232	240	-58	63.9216	64	1340	0	120	-124	234	189	58	0.38323	0.0503877	0	1152	11	-1	3	420.982	29.6795	21	-20.5	0	33	41	42	43	19	-500	-500	-146.25	1811	0	0	0	0	0
2019/04/06	16:38:38.141	24	13434	28	44.993064	-93.305893	33	235	242	-66	64.7059	64	1270	0	172	-164	235	189	59	0.392277	0.0503877	0	900	11	-1	3	429.466	28.3493	21	-20.5	0	34	45	42	43	19	-500	-500	-196.875	2190	0	0	0	0	0
2019/04/06	16:38:38.801	17	13434	24	44.993064	-93.305893	33	235	228	-4	64.7059	64	1260	0	0	0	236	189	60	0.396884	0.0503877	0	824	11	-1	3	434.549	27.7748	21	-20.5	0	34	39	42	43	19	-500	-500	-19.125	2325	0	0	0	0	0
2019/04/06	16:38:40.018	6	13434	23	44.993064	-93.305893	33	235	222	12	64.7059	65	1240	3.30537	0	0	237	189	61	0.404801	0.0503877	0	860	14	-1	-1	443.733	27.5318	21	-20.5	666	63	39	42	44	19	-500	-500	73.625	3000	-19	0	0	0	38
2019/04/06	16:38:41.194	23	13434	26	44.993116	-93.305768	22	237	222	14	64.7059	65	1360	8.4823	0	0	238	189	62	0.412761	0.0503877	0	963	14	-1	-1	453.741	30.3822	21	-20.5	666	91	39	42	44	19	-500	-500	71.125	2393	-13.875	0	0	0	38
2019/04/06	16:38:42.100	21	13434	29	44.993222	-93.305721	21	235	222	8	64.7059	65	1510	11.0336	0	0	239	189	63	0.419631	0.0503877	0	1080	16	-1	-1	461.95	32.6846	21	-20.5	666	89	38	42	44	19	-500	-500	52.125	2714	-20.125	0	0	0	37
2019/04/06	16:38:43.189	28	13434	32	44.993316	-93.305718	30	235	222	6	64.7059	65	1370	9.39755	0	0	240	189	64	0.428879	0.0503877	0	1178	15	0	0	471.58	31.0009	21	-20.5	666	92	38	42	44	19	-500	-500	29	1553	-18.625	0	0	0	32
2019/04/06	16:38:45.129	22	13434	36	44.993494	-93.305719	36	232	222	2	64.7059	65	1210	8.51665	0	0	242	189	66	0.447003	0.0503877	0	1340	13	0	0	486.431	26.8247	21	-20.5	666	91	38	42	44	19	-500	-500	11	846	-19	0	0	0	29
2019/04/06	16:38:46.204	28	13434	38	44.993494	-93.305719	36	232	222	0	64.7059	66	1210	7.50841	0	0	243	189	67	0.45823	0.0503877	0	1390	13	0	0	494.381	26.6656	21	-20.5	666	85	39	42	44	19	-500	-500	6.125	688	-16.375	0	0	0	26
2019/04/06	16:38:47.169	26	13434	40	44.993683	-93.305722	40	231	224	2	63.9216	66	1200	7.0489	0	0	244	189	68	0.468758	0.0503877	0	1465	13	0	0	501.48	26.5065	21	-20.5	666	83	38	42	44	18	-500	-500	3.875	538	-16.375	0	0	0	25
2019/04/06	16:38:47.348	4	13434	40	44.993683	-93.305722	40	231	224	2	63.9216	66	1200	7.42034	0	0	245	189	69	0.470747	0.0503877	0	1467	13	0	0	502.792	26.5242	21	-20.5	666	83	38	42	44	18	-500	-500	4.625	500	-16	0	0	0	25
2019/04/06	16:38:49.072	20	13434	42	44.993895	-93.305737	44	230	228	-12	64.7059	66	1200	8.16133	0	0	246	189	70	0.490396	0.0503877	0	1531	13	0	0	515.482	26.4535	21	-20.5	666	89	39	42	44	18	-500	-500	-21.375	325	-18	0	0	0	19
2019/04/06	16:38:50.123	22	13434	43	44.994006	-93.305734	44	231	228	-14	64.7059	66	1200	8.46858	0	0	247	189	71	0.502902	0.0503877	0	1569	13	0	0	523.224	26.5198	21	-20.5	666	89	40	42	45	18	-500	-500	-23.75	261	-18.875	0	0	0	19
2019/04/06	16:38:51.206	23	13434	44	44.994109	-93.305727	44	230	228	-12	64.7059	66	1200	8.41947	0	0	248	189	72	0.516026	0.0503877	0	1578	13	0	0	531.199	26.5065	21	-20.5	666	90	39	42	45	18	-500	-500	-22	203	-18	0	0	0	19
2019/04/06	16:38:51.633	12	13434	44	44.994109	-93.305727	44	230	228	-14	64.7059	66	1200	8.16814	0	0	249	189	73	0.521237	0.0503877	0	1589	13	0	0	534.346	26.5286	21	-20.5	666	89	40	42	45	18	-500	-500	-22.5	206	-18.75	0	0	0	19
2019/04/06	16:38:53.192	17	13434	44	44.994339	-93.305728	44	230	232	-24	64.7059	67	1200	7.65271	0	0	250	189	74	0.540277	0.0503877	0	1579	13	0	0	545.834	26.5374	21	-21	666	87	40	42	45	18	-500	-500	-40.125	219	-16.625	0	0	0	0
2019/04/06	16:38:54.175	25	13434	43	44.994452	-93.305727	44	231	228	-16	64.7059	67	1100	0.116134	0	0	251	189	75	0.552143	0.0503877	0	1535	10	0	0	552.579	24.3543	21	-21	0	36	35	42	45	18	-500	-500	-26.5	9	-0.125	0	0	0	0
2019/04/06	16:38:55.280	25	13434	41	44.994553	-93.305726	43	230	230	-14	64.7059	68	1040	0	0	0	252	189	76	0.565022	0.0503877	0	1459	10	-1	4	559.744	23.2363	21	-21	0	34	35	42	45	18	-500	-500	-26	-141	0	0	0	0	0
2019/04/06	16:38:57.197	22	13434	38	44.99475	-93.305717	38	231	230	-14	64.7059	68	1000	0	0	0	254	189	78	0.58637	0.0503877	0	1352	10	-1	4	571.623	22.1889	21	-21	0	35	33	42	45	18	-500	-500	-26	83	0	0	0	0	0
2019/04/06	16:38:58.123	24	13434	36	44.994841	-93.305711	38	231	240	-52	65.098	68	970	0	92	-96	255	189	79	0.59584	0.0503877	0	1230	10	-1	0	577.18	21.5305	21	-21	0	36	36	42	45	18	-500	-500	-119.375	241	0	0	0	0	0
2019/04/06	16:38:59.244	24	13434	31	44.994841	-93.305711	38	231	242	-50	65.098	68	940	0	116	-120	256	189	80	0.606106	0.0503877	0	1038	10	-1	0	583.651	20.735	21	-21	0	38	37	42	45	18	-500	-500	-141.375	655	0	0	0	0	0
2019/04/06	16:39:00.203	13	13434	28	44.994982	-93.305724	29	230	236	-26	65.098	68	940	0	44	-48	257	189	81	0.613735	0.0503877	0	952	10	-1	0	589.155	20.6643	21	-21	0	37	36	42	45	18	-500	-500	-69.75	897	0	0	0	0	0
2019/04/06	16:39:01.307	18	13434	21	44.994982	-93.305724	29	230	238	-32	65.4902	68	940	0	172	-196	258	189	82	0.621295	0.0503877	0	632	10	-1	0	595.549	20.7792	21	-21	0	37	39	42	45	18	-500	-500	-187	1740	0	0	0	0	0
2019/04/06	16:39:02.318	25	13434	14	44.995086	-93.305723	18	231	234	-18	65.4902	68	950	0	120	-152	259	189	83	0.625855	0.0503877	0	427	10	-1	0	601.417	20.9206	21	-21	0	37	39	42	45	18	-500	-500	-123.125	2300	0	0	0	0	0
2019/04/06	16:39:03.319	25	13434	8	44.995086	-93.305723	18	231	228	2	65.4902	68	940	0	0	-144	260	189	84	0.628783	0.0503877	0	189	10	-1	0	607.24	20.9294	21	-21	0	36	34	42	45	18	-500	-500	0	2884	0	0	0	0	0
2019/04/06	16:39:03.952	12	13434	5	44.995086	-93.305723	18	231	228	6	65.4902	68	950	0	0	0	261	189	85	0.629806	0.0503877	0	158	10	-1	0	610.962	20.9648	21	-21	0	37	34	42	45	18	-500	-500	62.25	3102	-0.125	0	0	0	29
2019/04/06	16:39:05.200	15	13434	8	44.995086	-93.305723	18	231	222	24	65.4902	69	1480	10.879	0	0	262	189	86	0.631953	0.0503877	0	449	17	0	1	621.09	28.1505	21	-21	666	85	44	42	45	18	-500	-500	209.875	4819	-18.25	0	0	0	51
2019/04/06	16:39:06.314	24	13434	17	44.995086	-93.305723	18	231	222	14	65.098	69	2020	15.3938	0	0	263	189	87	0.636284	0.0503877	0	699	20	0	1	634.178	43.2465	21	-21	666	87	45	42	45	18	-500	-500	168.25	5792	-20.875	0	0	0	51
2019/04/06	16:39:07.299	25	13434	23	44.995197	-93.305801	16	231	222	20	65.098	69	2100	17.1204	0	0	264	189	88	0.64191	0.0503877	0	871	19	0	1	646.977	46.7731	21	-21	666	89	44	42	45	18	-500	-500	140.25	5275	-21.125	0	0	0	50
2019/04/06	16:39:07.672	4	13434	23	44.995197	-93.305801	16	231	222	16	65.098	69	2100	16.6814	0	0	265	189	89	0.644343	0.0503877	0	913	19	0	1	651.776	46.6317	21	-21	666	89	44	42	45	18	-500	-500	134.75	5173	-20.875	0	0	0	50
2019/04/06	16:39:09.326	20	13434	31	44.995233	-93.305997	26	231	222	12	65.098	70	2090	16.4777	0	0	266	189	90	0.656574	0.0503877	0	1148	19	0	0	672.853	45.8141	21	-21	666	88	41	42	46	18	-500	-500	91.125	4582	-21	0	0	0	46
2019/04/06	16:39:10.172	21	13434	34	44.995233	-93.305997	26	231	226	0	65.098	70	2070	19.4194	0	0	267	189	91	0.664254	0.0503877	0	1249	19	0	0	683.649	46.1986	21	-21	666	89	41	42	46	18	-500	-500	61.125	3821	-22.25	0	0	0	41
2019/04/06	16:39:11.187	22	13434	36	44.995244	-93.306248	36	230	230	-10	65.098	70	1370	5.58628	0	0	268	189	92	0.674129	0.0503877	0	1294	13	0	0	693.664	34.0987	21	-21	666	87	40	42	46	18	-500	-500	-13.125	677	-6.625	0	0	0	8
2019/04/06	16:39:11.563	6	13434	36	44.995244	-93.306248	36	230	230	-20	65.098	70	1160	2.85895	0	0	269	189	93	0.677873	0.0503877	0	1274	10	0	0	696.368	28.5261	21	-21	666	59	39	42	46	18	-500	-500	-38.5	994	-6.375	0	0	0	0
2019/04/06	16:39:13.327	19	13434	33	44.995244	-93.306489	34	229	236	-38	65.098	70	920	0	64	-64	270	189	94	0.694947	0.0503877	0	1125	10	-1	0	707.554	21.4686	21	-21	0	39	36	42	46	18	-500	-500	-91.375	424	0	0	0	0	0
2019/04/06	16:39:14.315	25	13434	29	44.995244	-93.306489	34	229	238	-50	65.4902	70	950	0	108	-112	271	189	95	0.703225	0.0503877	0	977	10	-1	0	713.302	21.0134	21	-21	0	37	37	42	46	18	-500	-500	-132.75	913	0	0	0	0	0
2019/04/06	16:39:15.224	25	13434	24	44.995254	-93.306702	26	230	240	-44	65.4902	70	970	0	148	-152	272	189	96	0.709761	0.0503877	0	782	10	-1	0	718.722	21.4863	21	-21	0	36	41	42	46	18	-500	-500	-170.25	1460	0	0	0	0	0
2019/04/06	16:39:15.801	10	13434	21	44.995254	-93.306702	26	230	242	-42	65.4902	71	970	0	184	-192	273	189	97	0.713191	0.0503877	0	665	10	-1	0	722.141	21.367	21	-21	0	36	42	42	46	18	-500	-500	-199.875	1731	0	0	0	0	0
2019/04/06	16:39:17.235	15	13434	13	44.995258	-93.306832	13	230	228	8	65.4902	71	960	-0.201062	0	0	274	189	98	0.720103	0.0503877	0	368	10	-1	0	729.692	16.9477	21	-21	0	36	37	42	46	18	-500	-500	45.25	2511	0.125	0	0	0	33
2019/04/06	16:39:18.314	24	13434	13	44.995258	-93.306832	13	230	224	14	65.4902	71	1790	14.2531	0	0	275	189	99	0.723582	0.0503877	0	559	20	-1	0	739.268	33.8778	21	-21	666	87	46	42	46	18	-500	-500	198.875	5433	-20.5	0	0	0	52
2019/04/06	16:39:19.312	26	13434	20	44.995258	-93.306832	13	230	220	24	65.4902	71	2110	15.8591	0	0	276	189	100	0.728324	0.0503877	0	775	22	0	3	751.751	45.7478	21	-21	666	89	46	42	46	18	-500	-500	169.75	5649	-19.5	0	0	0	52
2019/04/06	16:39:19.795	12	13434	22	44.995258	-93.306832	13	230	220	22	65.4902	71	2160	16.5351	0	0	277	189	101	0.731227	0.0503877	0	867	22	0	3	758.161	47.3918	21	-21	666	87	45	42	46	18	-500	-500	150.75	5521	-20.5	0	0	0	51
2019/04/06	16:39:21.344	14	13434	29	44.99526	-93.307002	22	229	218	32	65.098	71	2250	16.6986	0	0	278	189	102	0.741954	0.0503877	0	1160	23	0	3	779.07	48.9076	21	-21	666	87	44	42	47	18	-500	-500	118.375	5221	-20.125	0	0	0	50
2019/04/06	16:39:22.328	26	13434	34	44.995253	-93.307211	33	227	222	16	65.098	72	1750	11.6736	0	0	279	189	103	0.75091	0.0503877	0	1263	17	0	0	791.129	42.1108	21	-21	666	92	40	42	47	18	-500	-500	62.625	2938	-17.125	0	0	0	40
2019/04/06	16:39:23.251	25	13434	37	44.995249	-93.307339	36	227	224	6	65.098	72	1780	14.1187	0	0	280	189	104	0.760046	0.0503877	0	1343	18	0	0	801.287	39.6581	21	-21	666	90	40	42	47	18	-500	-500	47.5	2865	-21	0	0	0	40
2019/04/06	16:39:24.211	16	13434	38	44.995259	-93.307483	38	226	226	-2	65.098	72	1520	10.535	0	0	281	189	105	0.770061	0.0503877	0	1380	14	0	0	810.05	35.7206	21	-21	666	85	40	42	47	18	-500	-500	8.5	617	-16.125	0	0	0	24
2019/04/06	16:39:25.202	9	13434	38	44.995258	-93.307619	39	227	228	-8	65.098	73	1140	1.73102	0	0	282	189	106	0.780526	0.0503877	0	1382	10	-1	-8	816.603	29.706	21	-21	666	48	38	42	47	18	-500	-500	-18.625	359	-2.375	0	0	0	0
2019/04/06	16:39:26.204	23	13434	37	44.995255	-93.307753	38	227	230	-12	65.098	73	1000	0	0	0	283	189	107	0.791047	0.0503877	0	1320	10	-1	-8	822.961	22.5115	21	-21	0	35	36	42	47	18	-500	-500	-26	127	0	0	0	0	0
2019/04/06	16:39:27.246	21	13434	35	44.995254	-93.307883	37	227	230	-10	65.098	73	970	0	0	0	284	189	108	0.801509	0.0503877	0	1243	10	-1	-8	829.188	21.473	21	-21	0	36	34	42	47	18	-500	-500	-26	259	0	0	0	0	0
2019/04/06	16:39:27.973	14	13434	34	44.995254	-93.307883	37	227	228	-12	65.098	73	980	0	0	0	285	189	109	0.808509	0.0503877	0	1208	10	-1	-8	833.552	21.6188	21	-21	0	35	34	42	47	18	-500	-500	-26	375	0	0	0	0	0
2019/04/06	16:39:29.374	11	13434	33	44.995239	-93.308114	34	227	230	-10	65.098	74	970	0	0	0	286	189	110	0.821532	0.0503877	0	1123	10	-1	0	841.91	21.5039	21	-21	0	36	34	42	48	18	-500	-500	-25.25	526	0	0	0	0	0
2019/04/06	16:39:30.242	21	13434	31	44.995239	-93.308114	34	227	226	0	65.4902	74	970	0	0	0	287	189	111	0.829084	0.0503877	0	1092	10	-1	0	847.045	21.2962	21	-21	0	35	33	42	48	18	-500	-500	-0.125	632	0	0	0	0	8
2019/04/06	16:39:31.290	21	13434	31	44.995181	-93.308311	31	228	226	10	65.098	74	1060	3.03771	0	0	288	189	112	0.837987	0.0503877	0	1106	15	-1	0	852.465	18.5696	21	-21	666	55	34	42	48	18	-500	-500	19.25	806	-7.375	0	0	0	21
2019/04/06	16:39:32.208	20	13434	31	44.995181	-93.308311	31	228	224	10	65.098	74	1110	5.92127	0	0	289	189	113	0.84591	0.0503877	0	1145	11	-1	3	858.48	23.6605	21	-21	666	86	35	42	48	18	-500	-500	29.5	1298	-14.125	0	0	0	29
2019/04/06	16:39:32.421	1	13434	32	44.995181	-93.308311	31	228	224	6	65.098	74	1170	6.81977	0	0	290	189	114	0.847761	0.0503877	0	1140	12	-1	3	860.042	24.5311	21	-21	666	83	35	42	48	18	-500	-500	26.125	1387	-15.25	0	0	0	29
2019/04/06	16:39:34.339	22	13434	34	44.995161	-93.308531	32	228	224	2	65.098	74	1210	8.07599	0	0	291	189	115	0.864939	0.0503877	0	1222	13	-1	3	874.344	26.6347	21	-21	666	87	37	42	48	18	-500	-500	16	1169	-18	0	0	0	29
2019/04/06	16:39:35.394	30	13434	34	44.995154	-93.30877	34	227	230	-12	65.098	75	1170	3.02493	0	0	292	189	116	0.874929	0.0503877	0	1238	10	0	0	882.014	26.016	21	-21	666	57	36	42	48	18	-500	-500	-25.625	788	-5.375	0	0	0	0
2019/04/06	16:39:36.383	18	13434	34	44.995154	-93.30877	34	227	228	-10	65.098	75	1090	0	0	0	293	189	117	0.884253	0.0503877	0	1188	10	0	0	888.61	24.1599	21	-21	0	33	33	42	48	18	-500	-500	-25.875	743	0	0	0	0	0
2019/04/06	16:39:36.571	4	13434	33	44.995154	-93.30877	34	227	230	-10	65.098	75	1060	0	0	0	294	189	118	0.886	0.0503877	0	1170	10	0	0	889.779	23.7047	21	-21	0	33	33	42	48	18	-500	-500	-25.625	565	0	0	0	0	0
2019/04/06	16:39:38.270	20	13434	30	44.995151	-93.308998	33	227	234	-26	65.098	75	940	0	44	-48	295	189	119	0.901158	0.0503877	0	1063	10	-1	0	899.709	20.8587	21	-21	0	37	33	42	48	18	-500	-500	-71.25	654	0	0	0	0	0
2019/04/06	16:39:39.390	26	13434	26	44.995171	-93.309212	30	226	240	-54	65.4902	75	940	0	160	-164	296	189	120	0.909893	0.0503877	0	859	10	-1	0	906.166	20.7262	21	-21	0	36	38	42	48	18	-500	-500	-184.125	1133	0	0	0	0	0
2019/04/06	16:39:40.325	25	13434	20	44.995171	-93.309212	30	226	240	-44	65.4902	75	940	0	184	-240	297	189	121	0.915701	0.0503877	0	630	10	-1	0	911.529	20.6731	21	-21	0	36	41	42	48	18	-500	-500	-199.5	1721	0	0	0	0	0
2019/04/06	16:39:40.652	5	13434	18	44.995171	-93.309212	30	226	240	-34	65.4902	75	940	0	184	-260	298	189	122	0.917339	0.0503877	0	543	10	-1	0	913.412	20.6864	21	-21	0	36	41	42	48	18	-500	-500	-196	1971	0	0	0	0	0
2019/04/06	16:39:42.422	21	13435	5	44.995179	-93.309372	8	226	222	36	65.4902	75	970	0.630203	0	0	299	189	123	0.923382	0.0503877	0	215	13	-1	1	922.587	16.7975	21	-21	0	43	37	42	48	18	-500	-500	215.25	3130	0	0	0	0	41
2019/04/06	16:39:43.429	25	13435	10	44.995179	-93.309372	8	226	222	20	65.4902	75	1450	9.86879	0	0	300	189	124	0.925527	0.0503877	0	445	16	-1	1	931.038	31.0672	21	-21	666	85	42	42	48	18	-500	-500	195	4414	-17.625	0	0	0	49
2019/04/06	16:39:44.397	25	13435	17	44.995179	-93.309372	8	226	224	14	65.4902	75	1850	13.8691	0	0	301	189	125	0.929217	0.0503877	0	657	17	-1	1	941.474	39.773	21	-21	666	88	43	42	48	18	-500	-500	157.25	5140	-20.125	0	0	0	49
2019/04/06	16:39:45.488	6	13435	19	44.995189	-93.309518	19	226	224	10	65.4902	75	1920	15.3153	0	0	302	189	126	0.934823	0.0503877	0	799	18	-1	1	954.498	41.6291	21	-21	666	88	42	42	48	18	-500	-500	134.875	5057	-20.75	0	0	0	48
2019/04/06	16:39:46.409	22	13435	26	44.995189	-93.309518	19	226	230	-8	65.4902	76	1600	14.0533	0	0	303	189	127	0.940705	0.0503877	0	979	14	0	0	964.668	38.5622	21	-21	666	92	41	42	48	18	-500	-500	46.375	2627	-24	0	0	0	36
2019/04/06	16:39:47.424	23	13435	28	44.995184	-93.309709	27	227	230	-10	65.4902	76	1150	1.71845	0	0	304	189	128	0.948421	0.0503877	0	997	10	0	0	972.432	27.1208	21	-21	666	54	36	42	49	18	-500	-500	-29	1347	-3.875	0	0	0	0
2019/04/06	16:39:48.180	19	13435	27	44.995184	-93.309709	27	227	230	-6	65.4902	76	1100	0	0	0	305	189	129	0.95415	0.0503877	0	948	10	0	0	977.531	24.319	21	-21	0	33	35	42	49	18	-500	-500	-22.75	1409	0	0	0	0	0
2019/04/06	16:39:49.448	6	13435	26	44.995181	-93.309895	26	228	232	-16	65.4902	76	1020	0	36	-80	306	189	130	0.963417	0.0503877	0	865	10	-1	-3	985.142	23.4086	21	-21	0	36	34	42	49	18	-500	-500	-62.875	1074	0	0	0	0	0
2019/04/06	16:39:50.367	20	13435	22	44.995181	-93.309895	26	228	232	-16	65.4902	76	950	0	48	-52	307	189	131	0.969478	0.0503877	0	750	10	-1	-3	990.481	20.9206	21	-21	0	36	35	42	49	18	-500	-500	-67.25	1497	0	0	0	0	0
2019/04/06	16:39:51.506	26	13435	18	44.995163	-93.31004	21	228	234	-14	65.4902	76	980	0	48	-52	308	189	132	0.975796	0.0503877	0	625	10	-1	-3	997.261	21.5349	21	-21	0	34	35	42	49	18	-500	-500	-61.75	1923	0	0	0	0	0
2019/04/06	16:39:52.496	26	13435	15	44.995163	-93.31004	21	228	232	-8	65.4902	76	980	0	28	-4	309	189	133	0.98035	0.0503877	0	523	10	-1	2	1003.19	21.557	21	-21	0	34	35	42	49	18	-500	-500	-37.25	2163	0	0	0	0	0
2019/04/06	16:39:52.950	12	13435	14	44.995163	-93.31004	21	228	228	0	65.4902	76	980	0	0	0	310	189	134	0.982199	0.0503877	0	505	10	-1	2	1005.92	21.6321	21	-21	0	34	33	42	49	18	-500	-500	-5.875	2201	0	0	0	0	0
2019/04/06	16:39:54.544	17	13435	13	44.995081	-93.31015	13	231	226	8	65.4902	76	1200	3.54791	0	0	311	189	135	0.988294	0.0503877	0	466	16	-1	2	1016.18	24.4913	21	-21	666	55	35	42	49	18	-500	-500	84.375	3136	-8.375	0	0	0	31
2019/04/06	16:39:55.452	26	13435	15	44.995081	-93.31015	13	231	226	6	65.4902	77	1200	5.65487	0	0	312	189	136	0.99171	0.0503877	0	546	13	-1	3	1022.84	26.4225	21	-21	666	72	36	42	49	18	-500	-500	72.75	2896	-12.375	0	0	0	30
2019/04/06	16:39:56.429	23	13435	17	44.995081	-93.31015	13	231	226	2	65.4902	77	1200	4.63793	0	0	313	189	137	0.995984	0.0503877	0	623	13	-1	3	1030.05	26.5242	21	-21	666	70	35	42	49	18	-500	-500	36.125	2700	-9.5	0	0	0	21
2019/04/06	16:39:57.139	18	13435	18	44.99496	-93.310149	17	235	228	-2	65.4902	77	1230	3.08881	0	0	314	189	138	0.999412	0.0503877	0	649	17	-1	3	1035.37	27.0722	21	-21	666	49	34	42	49	18	-500	-500	10.75	2747	-6	0	0	0	11
2019/04/06	16:39:58.544	13	13435	18	44.99496	-93.310149	17	235	226	6	65.4902	77	1090	0	0	0	315	189	139	1.0065	0.0503877	0	680	10	-1	-1	1045.36	25.3664	21	-21	0	33	33	42	49	18	-500	-500	13.5	1871	0	0	0	0	10
2019/04/06	16:39:59.550	25	13435	19	44.99486	-93.310142	19	233	226	4	65.4902	77	980	0	0	0	316	189	140	1.01178	0.0503877	0	683	10	-1	-1	1051.42	21.61	21	-21	0	35	32	42	49	18	-500	-500	11.625	1764	0	0	0	0	10
2019/04/06	16:40:00.449	21	13435	19	44.99486	-93.310142	19	233	226	4	65.4902	77	1000	0	0	0	317	189	141	1.01655	0.0503877	0	699	10	-1	-1	1056.89	21.9415	21	-21.5	0	34	32	42	49	18	-500	-500	9.25	1763	0	0	0	0	10
2019/04/06	16:40:00.951	10	13435	19	44.99486	-93.310142	19	233	226	4	65.4902	77	1000	0	0	0	318	189	142	1.01926	0.0503877	0	702	10	-1	-1	1059.97	22.0917	21	-21.5	0	34	32	42	49	18	-500	-500	8	1787	0	0	0	0	9
2019/04/06	16:40:02.432	12	13435	20	44.994764	-93.310141	20	232	226	2	65.4902	78	990	0	0	0	319	189	143	1.02732	0.0503877	0	708	10	-1	1	1069.05	22.0564	21	-21.5	0	34	32	42	49	18	-500	-500	4.125	1704	0	0	0	0	8
2019/04/06	16:40:03.456	22	13435	20	44.994663	-93.310129	20	233	226	2	65.4902	78	990	0	0	0	320	189	144	1.03298	0.0503877	0	715	10	-1	1	1075.28	21.8663	21	-21.5	0	34	32	42	49	18	-500	-500	1.875	1687	0	0	0	0	6
2019/04/06	16:40:04.573	26	13435	20	44.994663	-93.310129	20	233	226	2	65.4902	78	990	0	0	0	321	189	145	1.0392	0.0503877	0	719	10	-1	1	1082.06	21.8619	21	-21.5	0	34	32	42	49	18	-500	-500	2	1696	0	0	0	0	6
2019/04/06	16:40:04.890	8	13435	20	44.994663	-93.310129	20	233	226	2	65.4902	78	990	0	0	0	322	189	146	1.04096	0.0503877	0	725	10	-1	1	1083.98	21.8354	21	-21.5	0	34	31	42	49	18	-500	-500	1.875	1683	0	0	0	0	6
2019/04/06	16:40:06.493	15	13435	20	44.99456	-93.310141	20	232	226	0	65.4902	78	980	0	0	0	323	189	147	1.04979	0.0503877	0	700	10	-1	2	1093.64	21.7028	21	-21.5	0	34	31	41	49	18	-500	-500	0	1716	0	0	0	0	1
2019/04/06	16:40:07.479	23	13435	19	44.99446	-93.310143	20	232	226	0	65.4902	78	980	0	0	0	324	189	148	1.05504	0.0503877	0	686	10	-1	2	1099.56	21.6233	21	-21.5	0	34	32	41	49	18	-500	-500	-7.125	1748	0	0	0	0	1
2019/04/06	16:40:08.506	24	13435	19	44.99446	-93.310143	20	232	228	0	65.4902	78	990	0	0	0	325	189	149	1.06047	0.0503877	0	679	10	-1	2	1105.77	21.7558	21	-21.5	0	34	31	41	49	18	-500	-500	-4.5	1793	0	0	0	0	1
2019/04/06	16:40:09.110	16	13435	19	44.994366	-93.310158	19	230	226	0	65.4902	78	990	0	0	0	326	189	150	1.06364	0.0503877	0	680	10	-1	2	1109.42	21.7956	21	-21.5	0	34	31	41	49	18	-500	-500	-0.875	1790	0	0	0	0	1
2019/04/06	16:40:10.577	11	13435	19	44.994366	-93.310158	19	230	226	0	65.4902	78	980	0	0	0	327	189	151	1.07132	0.0503877	0	639	10	-1	2	1118.29	21.7514	21	-21.5	0	34	31	41	49	18	-500	-500	0.5	1826	0	0	0	0	2
2019/04/06	16:40:11.520	22	13435	18	44.994275	-93.310161	19	229	226	2	65.4902	78	980	0	0	0	328	189	152	1.07611	0.0503877	0	657	10	-1	3	1123.95	21.6277	21	-21.5	0	34	30	41	49	18	-500	-500	1.375	1831	0	0	0	0	3
2019/04/06	16:40:12.577	23	13435	18	44.994275	-93.310161	19	229	226	2	65.4902	78	1000	0	0	0	329	189	153	1.08151	0.0503877	0	671	10	-1	3	1130.39	21.9635	21	-21.5	0	33	31	41	49	18	-500	-500	1	1847	0	0	0	0	3
2019/04/06	16:40:13.022	9	13435	18	44.994275	-93.310161	19	229	226	0	65.4902	78	1000	0	0	0	330	189	154	1.08378	0.0503877	0	657	10	-1	3	1133.1	21.9945	21	-21.5	0	34	30	41	49	18	-500	-500	0.5	1857	0	0	0	0	2
2019/04/06	16:40:14.575	16	13435	18	44.994147	-93.310162	18	229	226	0	65.4902	78	990	0	0	0	331	189	155	1.09161	0.0503877	0	633	10	-1	3	1142.5	21.8177	21	-21.5	0	34	30	41	49	18	-500	-500	-11.25	1914	0	0	0	0	0
2019/04/06	16:40:15.516	21	13435	17	44.994147	-93.310162	18	229	226	0	65.4902	78	980	0	0	0	332	189	156	1.09615	0.0503877	0	612	10	-1	3	1148.17	21.7161	21	-21.5	0	34	31	41	49	18	-500	-500	-10.375	1974	0	0	0	0	0
2019/04/06	16:40:16.508	23	13435	17	44.994147	-93.310162	18	229	228	0	65.4902	78	980	0	0	0	333	189	157	1.10078	0.0503877	0	596	10	-1	3	1154.17	21.7426	21	-21.5	0	34	30	41	49	18	-500	-500	-9.75	1980	0	0	0	0	0
2019/04/06	16:40:17.505	24	13435	16	44.994031	-93.310151	17	227	228	0	65.4902	78	980	0	0	0	334	189	158	1.10531	0.0503877	0	551	10	-1	3	1160.16	21.6056	21	-21.5	0	34	30	41	49	18	-500	-500	-8	2092	0	0	0	0	0
2019/04/06	16:40:17.980	2	13435	16	44.994031	-93.310151	17	227	226	0	65.4902	78	980	0	0	0	335	189	159	1.10736	0.0503877	0	552	10	-1	3	1163.03	21.6454	21	-21.5	0	34	31	41	49	18	-500	-500	-7.625	2122	0	0	0	0	1
2019/04/06	16:40:19.612	24	13435	14	44.994031	-93.310151	17	227	226	2	65.4902	78	970	0	0	0	336	189	160	1.11414	0.0503877	0	503	10	-1	3	1172.85	21.473	21	-21.5	0	34	30	41	49	18	-500	-500	6.875	2174	0	0	0	0	4
2019/04/06	16:40:20.498	21	13435	14	44.99391	-93.310149	14	228	226	6	65.4902	78	970	0	0	0	337	189	161	1.11754	0.0503877	0	482	10	-1	3	1178.15	21.5084	21	-21.5	0	34	30	41	49	18	-500	-500	19.75	2279	0	0	0	0	9
2019/04/06	16:40:21.152	14	13435	13	44.99391	-93.310149	14	228	224	8	65.098	78	980	-0.104824	0	0	338	189	162	1.11995	0.0503877	0	467	10	-1	3	1180.14	12.9572	21	-21.5	0	38	31	41	49	18	-500	-500	32.125	2402	0	0	0	0	11
2019/04/06	16:40:22.529	11	13435	13	44.99391	-93.310149	14	228	224	6	65.098	78	1130	0	0	0	339	189	163	1.12495	0.0503877	0	469	10	-1	3	1189.48	14.9502	21	-21.5	0	29	31	41	49	18	-500	-500	19.125	2870	0	0	0	0	8
2019/04/06	16:40:23.552	23	13435	12	44.993811	-93.310156	13	227	224	6	65.098	78	1030	0	0	0	340	189	164	1.12856	0.0503877	0	440	10	-1	3	1196.12	23.1788	21	-21.5	0	32	31	41	49	18	-500	-500	20.875	2500	0	0	0	0	8
2019/04/06	16:40:24.574	25	13435	12	44.993811	-93.310156	13	227	224	2	65.098	78	960	0	0	0	341	189	165	1.13204	0.0503877	0	419	10	-1	1	1202.23	21.3935	21	-21.5	0	36	31	41	49	18	-500	-500	2.375	2345	0	0	0	0	0
2019/04/06	16:40:25.330	17	13435	12	44.993811	-93.310156	13	227	226	2	65.098	78	970	0	0	0	342	189	166	1.1345	0.0503877	0	407	10	-1	1	1206.74	21.3802	21	-21.5	0	34	30	41	49	18	-500	-500	-0.25	2455	0	0	0	0	0
2019/04/06	16:40:26.531	6	13435	11	44.993718	-93.310156	11	229	226	2	65.098	78	970	0	0	0	343	189	167	1.13822	0.0503877	0	347	10	-1	1	1213.86	21.4598	21	-21.5	0	35	30	41	49	18	-500	-500	3.375	2591	0	0	0	0	0
2019/04/06	16:40:27.633	23	13435	8	44.993718	-93.310156	11	229	224	2	65.098	78	980	0	0	-124	344	189	168	1.14108	0.0503877	0	242	10	-1	3	1220.48	21.6188	21	-21.5	0	34	31	41	49	18	-500	-500	8.75	2866	0	0	0	0	0
2019/04/06	16:40:28.549	21	13435	4	44.993718	-93.310156	11	229	224	4	65.098	78	970	0	0	-184	345	189	169	1.14254	0.0503877	0	68	10	-1	3	1225.92	21.3979	21	-21.5	0	34	32	41	49	18	-500	-500	35.125	3321	0	0	0	0	0
2019/04/06	16:40:29.285	19	13435	0	44.993718	-93.310156	11	229	224	4	65.098	78	1000	0	0	-124	346	189	169	1.14282	0.0503877	0	0	10	-1	3	1230.41	21.9017	21	-21.5	0	34	34	41	49	18	-500	-500	55	3632	0	0	0	0	0
2019/04/06	16:40:30.505	7	13435	0	44.993718	-93.310156	11	229	222	8	65.098	78	1010	0	0	0	347	189	169	1.14282	0.0503877	0	-75	10	-1	3	1237.99	22.211	21	-21.5	0	32	34	41	49	18	-500	-500	-99.25	3846	0	0	0	0	10
2019/04/06	16:40:31.536	23	13435	0	44.993718	-93.310156	11	229	222	12	65.098	78	1010	0	0	0	348	189	169	1.14282	0.0503877	0	-184	10	-1	3	1244.39	22.3524	21	-21.5	0	33	34	41	49	18	-500	-500	-82.125	4134	0	0	0	0	12
2019/04/06	16:40:32.538	22	13435	0	44.993718	-93.310156	11	229	224	4	65.098	78	1020	0	0	0	349	189	169	1.14282	0.0503877	0	-215	10	-1	3	1250.65	22.485	21	-21.5	0	33	32	41	49	18	-500	-500	-11.75	4264	0	0	0	0	0
2019/04/06	16:40:33.567	22	13435	0	44.993718	-93.310156	11	229	224	4	65.098	79	1020	0	0	-76	350	189	169	1.14282	0.0503877	0	-233	10	-1	2	1257.11	22.6132	21	-21.5	0	32	31	41	49	18	-500	-500	-10.375	4272	0	0	0	0	0
2019/04/06	16:40:33.750	4	13435	0	44.993718	-93.310156	11	229	224	4	65.098	79	1020	0	0	-80	351	189	169	1.14282	0.0503877	0	-217	10	-1	2	1258.24	22.5469	21	-21.5	0	33	32	41	49	18	-500	-500	-10.625	4209	0	0	0	0	0
2019/04/06	16:40:35.582	14	13435	0	44.993718	-93.310156	11	229	224	2	65.098	79	120	0	0	-84	352	190	169	1.14282	0.0503877	0	-173	0	-1	2	1264.98	8.95335	21	-21.5	0	66	32	41	49	18	-500	-500	-10.125	385	0	0	0	0	0
2019/04/06	16:40:36.649	20	13435	0	44.993718	-93.310156	11	229	224	2	65.098	79	0	0	0	-52	353	191	169	1.14282	0.0503877	0	-100	5	-1	0	1264.98	0	21	-21.5	0	0	32	41	49	18	-500	-500	-27.5	266	0	0	0	0	0
2019/04/06	16:40:37.422	17	13435	0	44.993718	-93.310156	11	229	224	4	65.098	79	0	0	0	0	354	192	169	1.14282	0.0503877	0	-99	5	-1	0	1264.98	0	21	-21.5	0	0	33	41	49	18	-500	-500	-49.75	255	0	0	0	0	0
2019/04/06	16:40:38.684	8	13435	0	44.993718	-93.310156	11	229	224	4	65.098	79	0	0	0	0	355	193	169	1.14282	0.0503877	0	-112	5	-1	0	1264.98	0	21	-21.5	0	0	32	41	49	18	-500	-500	-43.5	295	0	0	0	0	0
2019/04/06	16:40:39.594	22	13435	0	44.993718	-93.310156	11	229	222	8	65.098	79	0	0	0	0	356	194	169	1.14282	0.0503877	0	-105	5	-1	0	1264.98	0	21	-21.5	0	0	33	41	49	18	-500	-500	-85	263	0	0	0	0	9
2019/04/06	16:40:40.571	23	13435	0	44.993718	-93.310156	11	229	224	4	64.7059	79	0	0	0	0	357	195	169	1.14282	0.0503877	0	-116	5	-1	0	1264.98	0	21	-21.5	0	0	34	41	49	18	-500	-500	-43.25	305	0	0	0	0	0
2019/04/06	16:40:41.633	22	13435	0	44.993718	-93.310156	11	229	222	8	64.7059	79	0	0	0	0	358	196	169	1.14282	0.0503877	0	-91	5	-1	0	1264.98	0	21	-21.5	0	0	34	41	49	18	-500	-500	-95	233	0	0	0	0	10
2019/04/06	16:40:42.497	12	13435	0	44.993718	-93.310156	11	229	222	8	64.7059	79	0	0	0	0	359	197	169	1.14282	0.0503877	0	-88	5	-1	0	1264.98	0	21	-21.5	0	0	36	41	49	18	-500	-500	-102.875	226	0	0	0	0	16
2019/04/06	16:40:43.686	15	13435	0	44.993806	-93.310125	3	232	222	4	64.7059	78	0	0	0	0	360	198	169	1.14282	0.0503877	0	-101	5	-1	0	1264.98	0	21	-21.5	0	0	34	41	48	18	-500	-500	-49.5	262	0	0	0	0	0
2019/04/06	16:40:44.611	21	13435	0	44.993806	-93.310125	3	232	224	4	64.7059	78	0	0	0	-48	361	199	169	1.14282	0.0503877	0	-90	5	-1	0	1264.98	0	21	-21.5	0	0	34	41	48	18	-500	-500	-52.25	223	0	0	0	0	0
2019/04/06	16:40:45.595	24	13435	0	44.993806	-93.310125	3	232	222	4	64.7059	78	0	0	0	-80	362	200	169	1.14282	0.0503877	0	-65	5	-1	0	1264.98	0	21	-21.5	0	0	34	41	48	18	-500	-500	-57.5	168	0	0	0	0	0
2019/04/06	16:40:46.197	10	13435	0	44.993806	-93.310125	3	232	222	4	64.7059	78	0	0	0	0	363	201	169	1.14282	0.0503877	0	-30	5	-1	0	1264.98	0	21	-21.5	0	0	35	41	48	18	-500	-500	-72.75	74	0	0	0	0	0
2019/04/06	16:40:47.665	10	13435	0	44.993806	-93.310125	3	232	222	6	64.7059	78	0	0	0	0	364	202	169	1.14282	0.0503877	0	-63	5	-1	0	1264.98	0	21	-21.5	0	0	36	41	48	18	-500	-500	-90	159	0	0	0	0	0
2019/04/06	16:40:48.608	25	13435	0	44.993806	-93.310125	3	232	222	6	64.7059	78	0	0	0	-56	365	203	169	1.14282	0.0503877	0	-89	5	-1	0	1264.98	0	21	-21.5	0	0	34	41	48	18	-500	-500	-54.875	223	0	0	0	0	0
2019/04/06	16:40:49.655	23	13435	0	44.993806	-93.310125	3	232	224	4	64.7059	78	0	0	0	-72	366	204	169	1.14282	0.0503877	0	-57	5	-1	0	1264.98	0	21	-21.5	0	0	35	41	48	18	-500	-500	-62.625	144	0	0	0	0	0
2019/04/06	16:40:50.582	12	13435	0	44.993806	-93.310125	3	232	222	4	64.7059	78	0	0	0	-44	367	205	169	1.14282	0.0503877	0	-49	5	-1	0	1264.98	0	21	-21.5	0	0	36	41	48	18	-500	-500	-66.125	124	0	0	0	0	0
2019/04/06	16:40:51.581	13	13435	0	44.993806	-93.310125	3	232	222	2	64.7059	78	0	0	0	-72	368	206	169	1.14282	0.0503877	0	-31	5	-1	0	1264.98	0	21	-21.5	0	0	34	41	48	18	-500	-500	-72	70	0	0	0	0	0
2019/04/06	16:40:52.699	23	13435	0	44.993806	-93.310125	3	232	222	4	64.7059	78	0	0	0	-84	369	207	169	1.14282	0.0503877	0	-22	5	-1	0	1264.98	0	21	-21.5	0	0	34	41	48	18	-500	-500	-76	46	0	0	0	0	0
2019/04/06	16:40:53.621	21	13435	0	44.993806	-93.310125	3	232	222	2	64.7059	78	0	0	0	-68	370	208	169	1.14282	0.0503877	0	-10	5	-1	0	1264.98	0	21	-21.5	0	0	34	41	48	18	-500	-500	-78.875	26	0	0	0	0	0
2019/04/06	16:40:54.155	10	13435	0	44.993806	-93.310125	3	232	222	2	64.7059	78	0	0	0	-116	371	209	169	1.14282	0.0503877	0	-3	5	-1	0	1264.98	0	21	-21.5	0	0	38	41	48	18	-500	-500	-81.375	8	0	0	0	0	0
2019/04/06	16:40:55.637	12	13435	0	44.993806	-93.310125	3	232	224	0	64.7059	78	0	0	0	-248	372	210	169	1.14282	0.0503877	0	3	5	-1	0	1264.98	0	21	-21.5	0	0	37	41	48	18	-500	-500	-2	-7	0	0	0	0	0
2019/04/06	16:40:56.612	20	13435	0	44.993806	-93.310125	3	232	224	0	64.7059	78	0	0	0	-248	373	211	169	1.14282	0.0503877	0	0	5	-1	0	1264.98	0	21	-21.5	0	0	34	41	48	18	-500	-500	0	0	0	0	0	0	0
2019/04/06	16:40:57.653	23	13435	0	44.993806	-93.310125	3	232	224	0	64.7059	78	0	0	0	-248	374	212	169	1.14282	0.0503877	0	0	5	-1	0	1264.98	0	21	-21.5	0	0	33	41	48	18	-500	-500	0	0	0	0	0	0	0
2019/04/06	16:40:58.021	8	13435	0	44.993806	-93.310125	3	232	224	0	64.7059	78	0	0	0	-248	375	213	169	1.14282	0.0503877	0	0	5	-1	0	1264.98	0	21	-21.5	0	0	33	41	48	18	-500	-500	0	0	0	0	0	0	0
2019/04/06	16:40:59.161	0	13435	0	44.993806	-93.310125	3	232	224	0	64.7059	78	0	0	0	-248	376	214	169	1.14282	0.0503877	0	0	5	-1	0	1264.98	0	21	-21.5	0	0	33	41	48	18	-500	-500	0	0	0	0	0	0	0
2019/04/06	16:41:00.012	0	13435	0	44.993806	-93.310125	3	232	224	0	64.7059	78	0	0	0	-248	377	215	169	1.14282	0.0503877	0	0	5	-1	0	1264.98	0	21	-21.5	0	0	33	41	48	18	-500	-500	0	0	0	0	0	0	0
2019/04/06	16:41:01.661	2	13435	0	44.993806	-93.310125	3	232	224	0	64.7059	78	0	0	0	-248	378	216	169	1.14282	0.0503877	0	0	5	-1	0	1264.98	0	21	-21.5	0	0	33	41	48	18	-500	-500	0	0	0	0	0	0	0
2019/04/06	16:41:02.468	3	13435	0	44.993806	-93.310125	3	232	224	0	64.7059	78	0	0	0	-248	379	217	169	1.14282	0.0503877	0	0	5	-1	0	1264.98	0	21	-21.5	0	0	33	41	48	18	-500	-500	0	0	0	0	0	0	0
2019/04/06	16:41:03.332	1	13435	0	44.993806	-93.310125	3	232	224	0	64.7059	78	0	0	0	-248	380	218	169	1.14282	0.0503877	0	0	5	-1	0	1264.98	0	21	-21.5	0	0	33	41	48	18	-500	-500	0	0	0	0	0	0	0
2019/04/06	16:41:04.501	0	13435	0	44.993806	-93.310125	3	232	224	0	64.7059	78	0	0	0	-248	381	219	169	1.14282	0.0503877	0	0	5	-1	0	1264.98	0	21	-21.5	0	0	33	41	48	18	-500	-500	0	0	0	0	0	0	0
2019/04/06	16:41:05.675	0	13435	0	44.993806	-93.310125	3	232	224	0	64.7059	78	0	0	0	-248	382	220	169	1.14282	0.0503877	0	0	5	-1	0	1264.98	0	21	-21.5	0	0	33	41	48	18	-500	-500	0	0	0	0	0	0	0
2019/04/06	16:41:07.703	0	13435	0	44.993806	-93.310125	3	232	224	0	64.7059	78	0	0	0	-248	384	222	169	1.14282	0.0503877	0	0	5	-1	0	1264.98	0	21	-21.5	0	0	33	41	48	18	-500	-500	0	0	0	0	0	0	0
2019/04/06	16:41:08.526	0	13435	0	44.993806	-93.310125	3	232	224	0	64.7059	78	0	0	0	-248	385	223	169	1.14282	0.0503877	0	0	5	-1	0	1264.98	0	21	-21.5	0	0	33	41	48	18	-500	-500	0	0	0	0	0	0	0
2019/04/06	16:41:09.313	0	13435	0	44.993806	-93.310125	3	232	224	0	64.7059	78	0	0	0	-248	386	224	169	1.14282	0.0503877	0	0	5	-1	0	1264.98	0	21	-21.5	0	0	33	41	48	18	-500	-500	0	0	0	0	0	0	0
2019/04/06	16:41:10.099	0	13435	0	44.993806	-93.310125	3	232	224	0	64.7059	78	0	0	0	-248	387	225	169	1.14282	0.0503877	0	0	5	-1	0	1264.98	0	21	-21.5	0	0	33	41	48	18	-500	-500	0	0	0	0	0	0	0
2019/04/06	16:41:11.358	0	13435	0	44.993806	-93.310125	3	232	224	0	64.7059	78	0	0	0	-248	388	226	169	1.14282	0.0503877	0	0	5	-1	0	1264.98	0	21	-21.5	0	0	33	41	48	18	-500	-500	0	0	0	0	0	0	0
2019/04/06	16:41:12.656	0	13435	0	44.993806	-93.310125	3	232	224	0	64.7059	78	0	0	0	-248	389	227	169	1.14282	0.0503877	0	0	5	-1	0	1264.98	0	21	-21.5	0	0	33	41	48	18	-500	-500	0	0	0	0	0	0	0
2019/04/06	16:41:13.556	0	13435	0	44.993806	-93.310125	3	232	224	0	64.7059	78	0	0	0	-248	390	228	169	1.14282	0.0503877	0	0	5	-1	0	1264.98	0	21	-21.5	0	0	33	41	48	18	-500	-500	0	0	0	0	0	0	0
2019/04/06	16:41:14.599	0	13435	0	44.993806	-93.310125	3	232	224	0	64.7059	78	0	0	0	-248	391	229	169	1.14282	0.0503877	0	0	5	-1	0	1264.98	0	21	-21.5	0	0	33	41	48	18	-500	-500	0	0	0	0	0	0	0
2019/04/06	16:41:15.666	0	13435	0	44.993806	-93.310125	3	232	224	0	64.7059	78	0	0	0	-248	392	230	169	1.14282	0.0503877	0	0	5	-1	0	1264.98	0	21	-21.5	0	0	33	41	48	18	-500	-500	0	0	0	0	0	0	0
2019/04/06	16:41:16.970	0	13435	0	44.993806	-93.310125	3	232	224	0	64.7059	78	0	0	0	-248	393	231	169	1.14282	0.0503877	0	0	5	-1	0	1264.98	0	21	-21.5	0	0	33	41	48	18	-500	-500	0	0	0	0	0	0	0
2019/04/06	16:41:18.172	0	13435	0	44.993806	-93.310125	3	232	224	0	64.7059	78	0	0	0	-248	395	233	169	1.14282	0.0503877	0	0	5	-1	0	1264.98	0	21	-21.5	0	0	33	41	48	18	-500	-500	0	0	0	0	0	0	0
